0.00   2.3315e+03
1.00   2.3315e+03
2.00   2.3315e+03
3.00   2.3315e+03
4.00   2.3315e+03
5.00   2.3315e+03
6.00   2.3315e+03
7.00   2.3315e+03
8.00   2.3315e+03
9.00   2.3315e+03
10.00   2.3315e+03
11.00   2.3315e+03
12.00   2.3315e+03
13.00   2.3315e+03
14.00   2.3315e+03
15.00   2.3315e+03
16.00   2.3315e+03
17.00   2.3315e+03
18.00   2.3315e+03
19.00   2.3315e+03
20.00   2.3315e+03
21.00   2.3315e+03
22.00   2.3315e+03
23.00   2.3315e+03
24.00   2.3315e+03
25.00   2.3315e+03
26.00   2.3315e+03
27.00   2.3315e+03
28.00   2.3315e+03
29.00   2.3315e+03
30.00   2.3315e+03
31.00   2.3315e+03
32.00   2.3315e+03
33.00   2.3315e+03
34.00   2.3315e+03
35.00   2.3315e+03
36.00   2.3315e+03
37.00   2.3315e+03
38.00   2.3315e+03
39.00   2.3315e+03
40.00   2.3315e+03
41.00   2.3315e+03
42.00   2.3315e+03
43.00   2.3315e+03
44.00   2.3315e+03
45.00   2.3315e+03
46.00   2.3315e+03
47.00   2.3315e+03
48.00   2.3315e+03
49.00   2.3315e+03
50.00   2.3315e+03
51.00   2.3315e+03
52.00   2.3315e+03
53.00   2.3315e+03
54.00   2.3315e+03
55.00   2.3315e+03
56.00   2.3315e+03
57.00   2.3315e+03
58.00   2.3316e+03
59.00   2.3316e+03
60.00   2.3316e+03
61.00   2.3316e+03
62.00   2.3316e+03
63.00   2.3316e+03
64.00   2.3316e+03
65.00   2.3316e+03
66.00   2.3316e+03
67.00   2.3316e+03
68.00   2.3316e+03
69.00   2.3316e+03
70.00   2.3316e+03
71.00   2.3316e+03
72.00   2.3316e+03
73.00   2.3316e+03
74.00   2.3316e+03
75.00   2.3316e+03
76.00   2.3316e+03
77.00   2.3316e+03
78.00   2.3316e+03
79.00   2.3316e+03
80.00   2.3316e+03
81.00   2.3316e+03
82.00   2.3316e+03
83.00   2.3316e+03
84.00   2.3316e+03
85.00   2.3316e+03
86.00   2.3316e+03
87.00   2.3316e+03
88.00   2.3316e+03
89.00   2.3316e+03
90.00   2.3317e+03
91.00   2.3317e+03
92.00   2.3317e+03
93.00   2.3317e+03
94.00   2.3317e+03
95.00   2.3317e+03
96.00   2.3317e+03
97.00   2.3317e+03
98.00   2.3317e+03
99.00   2.3317e+03
100.00   2.3317e+03
101.00   2.3317e+03
102.00   2.3317e+03
103.00   2.3317e+03
104.00   2.3317e+03
105.00   2.3317e+03
106.00   2.3317e+03
107.00   2.3317e+03
108.00   2.3317e+03
109.00   2.3317e+03
110.00   2.3317e+03
111.00   2.3317e+03
112.00   2.3317e+03
113.00   2.3317e+03
114.00   2.3317e+03
115.00   2.3317e+03
116.00   2.3317e+03
117.00   2.3317e+03
118.00   2.3317e+03
119.00   2.3317e+03
120.00   2.3317e+03
121.00   2.3317e+03
122.00   2.3317e+03
123.00   2.3317e+03
124.00   2.3317e+03
125.00   2.3317e+03
126.00   2.3317e+03
127.00   2.3317e+03
128.00   2.3317e+03
129.00   2.3317e+03
130.00   2.3317e+03
131.00   2.3317e+03
132.00   2.3317e+03
133.00   2.3317e+03
134.00   2.3317e+03
135.00   2.3317e+03
136.00   2.3317e+03
137.00   2.3317e+03
138.00   2.3317e+03
139.00   2.3317e+03
140.00   2.3317e+03
141.00   2.3317e+03
142.00   2.3317e+03
143.00   2.3317e+03
144.00   2.3317e+03
145.00   2.3317e+03
146.00   2.3317e+03
147.00   2.3317e+03
148.00   2.3317e+03
149.00   2.3317e+03
150.00   2.3317e+03
151.00   2.3317e+03
152.00   2.3317e+03
153.00   2.3317e+03
154.00   2.3316e+03
155.00   2.3316e+03
156.00   2.3316e+03
157.00   2.3316e+03
158.00   2.3316e+03
159.00   2.3316e+03
160.00   2.3316e+03
161.00   2.3316e+03
162.00   2.3316e+03
163.00   2.3316e+03
164.00   2.3316e+03
165.00   2.3316e+03
166.00   2.3316e+03
167.00   2.3316e+03
168.00   2.3316e+03
169.00   2.3316e+03
170.00   2.3316e+03
171.00   2.3316e+03
172.00   2.3316e+03
173.00   2.3315e+03
174.00   2.3315e+03
175.00   2.3315e+03
176.00   2.3315e+03
177.00   2.3315e+03
178.00   2.3315e+03
179.00   2.3315e+03
180.00   2.3315e+03
181.00   2.3315e+03
182.00   2.3315e+03
183.00   2.3315e+03
184.00   2.3315e+03
185.00   2.3315e+03
186.00   2.3315e+03
187.00   2.3314e+03
188.00   2.3314e+03
189.00   2.3314e+03
190.00   2.3314e+03
191.00   2.3314e+03
192.00   2.3314e+03
193.00   2.3314e+03
194.00   2.3314e+03
195.00   2.3314e+03
196.00   2.3314e+03
197.00   2.3314e+03
198.00   2.3313e+03
199.00   2.3313e+03
200.00   2.3313e+03
201.00   2.3313e+03
202.00   2.3313e+03
203.00   2.3313e+03
204.00   2.3313e+03
205.00   2.3313e+03
206.00   2.3313e+03
207.00   2.3313e+03
208.00   2.3312e+03
209.00   2.3312e+03
210.00   2.3312e+03
211.00   2.3312e+03
212.00   2.3312e+03
213.00   2.3312e+03
214.00   2.3312e+03
215.00   2.3312e+03
216.00   2.3312e+03
217.00   2.3311e+03
218.00   2.3311e+03
219.00   2.3311e+03
220.00   2.3311e+03
221.00   2.3311e+03
222.00   2.3311e+03
223.00   2.3311e+03
224.00   2.3311e+03
225.00   2.3310e+03
226.00   2.3310e+03
227.00   2.3310e+03
228.00   2.3310e+03
229.00   2.3310e+03
230.00   2.3310e+03
231.00   2.3310e+03
232.00   2.3310e+03
233.00   2.3309e+03
234.00   2.3309e+03
235.00   2.3309e+03
236.00   2.3309e+03
237.00   2.3309e+03
238.00   2.3309e+03
239.00   2.3309e+03
240.00   2.3308e+03
241.00   2.3308e+03
242.00   2.3308e+03
243.00   2.3308e+03
244.00   2.3308e+03
245.00   2.3308e+03
246.00   2.3308e+03
247.00   2.3308e+03
248.00   2.3307e+03
249.00   2.3307e+03
250.00   2.3307e+03
251.00   2.3307e+03
252.00   2.3307e+03
253.00   2.3307e+03
254.00   2.3306e+03
255.00   2.3306e+03
256.00   2.3306e+03
257.00   2.3306e+03
258.00   2.3306e+03
259.00   2.3306e+03
260.00   2.3306e+03
261.00   2.3305e+03
262.00   2.3305e+03
263.00   2.3305e+03
264.00   2.3305e+03
265.00   2.3305e+03
266.00   2.3305e+03
267.00   2.3304e+03
268.00   2.3304e+03
269.00   2.3304e+03
270.00   2.3304e+03
271.00   2.3304e+03
272.00   2.3304e+03
273.00   2.3303e+03
274.00   2.3303e+03
275.00   2.3303e+03
276.00   2.3303e+03
277.00   2.3303e+03
278.00   2.3303e+03
279.00   2.3302e+03
280.00   2.3302e+03
281.00   2.3302e+03
282.00   2.3302e+03
283.00   2.3302e+03
284.00   2.3302e+03
285.00   2.3301e+03
286.00   2.3301e+03
287.00   2.3301e+03
288.00   2.3301e+03
289.00   2.3301e+03
290.00   2.3301e+03
291.00   2.3300e+03
292.00   2.3300e+03
293.00   2.3300e+03
294.00   2.3300e+03
295.00   2.3300e+03
296.00   2.3299e+03
297.00   2.3299e+03
298.00   2.3299e+03
299.00   2.3299e+03
300.00   2.3299e+03
301.00   2.3299e+03
302.00   2.3298e+03
303.00   2.3298e+03
304.00   2.3298e+03
305.00   2.3298e+03
306.00   2.3298e+03
307.00   2.3297e+03
308.00   2.3297e+03
309.00   2.3297e+03
310.00   2.3297e+03
311.00   2.3297e+03
312.00   2.3296e+03
313.00   2.3296e+03
314.00   2.3296e+03
315.00   2.3296e+03
316.00   2.3296e+03
317.00   2.3295e+03
318.00   2.3295e+03
319.00   2.3295e+03
320.00   2.3295e+03
321.00   2.3295e+03
322.00   2.3295e+03
323.00   2.3294e+03
324.00   2.3294e+03
325.00   2.3294e+03
326.00   2.3294e+03
327.00   2.3294e+03
328.00   2.3293e+03
329.00   2.3293e+03
330.00   2.3293e+03
331.00   2.3293e+03
332.00   2.3293e+03
333.00   2.3292e+03
334.00   2.3292e+03
335.00   2.3292e+03
336.00   2.3292e+03
337.00   2.3292e+03
338.00   2.3291e+03
339.00   2.3291e+03
340.00   2.3291e+03
341.00   2.3291e+03
342.00   2.3291e+03
343.00   2.3290e+03
344.00   2.3290e+03
345.00   2.3290e+03
346.00   2.3290e+03
347.00   2.3289e+03
348.00   2.3289e+03
349.00   2.3289e+03
350.00   2.3289e+03
351.00   2.3289e+03
352.00   2.3288e+03
353.00   2.3288e+03
354.00   2.3288e+03
355.00   2.3288e+03
356.00   2.3288e+03
357.00   2.3287e+03
358.00   2.3287e+03
359.00   2.3287e+03
360.00   2.3287e+03
361.00   2.3287e+03
362.00   2.3286e+03
363.00   2.3286e+03
364.00   2.3286e+03
365.00   2.3286e+03
366.00   2.3285e+03
367.00   2.3285e+03
368.00   2.3285e+03
369.00   2.3285e+03
370.00   2.3285e+03
371.00   2.3284e+03
372.00   2.3284e+03
373.00   2.3284e+03
374.00   2.3284e+03
375.00   2.3284e+03
376.00   2.3283e+03
377.00   2.3283e+03
378.00   2.3283e+03
379.00   2.3283e+03
380.00   2.3282e+03
381.00   2.3282e+03
382.00   2.3282e+03
383.00   2.3282e+03
384.00   2.3282e+03
385.00   2.3281e+03
386.00   2.3281e+03
387.00   2.3281e+03
388.00   2.3281e+03
389.00   2.3280e+03
390.00   2.3280e+03
391.00   2.3280e+03
392.00   2.3280e+03
393.00   2.3280e+03
394.00   2.3279e+03
395.00   2.3279e+03
396.00   2.3279e+03
397.00   2.3279e+03
398.00   2.3278e+03
399.00   2.3278e+03
400.00   2.3278e+03
401.00   2.3278e+03
402.00   2.3278e+03
403.00   2.3277e+03
404.00   2.3277e+03
405.00   2.3277e+03
406.00   2.3277e+03
407.00   2.3276e+03
408.00   2.3276e+03
409.00   2.3276e+03
410.00   2.3276e+03
411.00   2.3276e+03
412.00   2.3275e+03
413.00   2.3275e+03
414.00   2.3275e+03
415.00   2.3275e+03
416.00   2.3274e+03
417.00   2.3274e+03
418.00   2.3274e+03
419.00   2.3274e+03
420.00   2.3273e+03
421.00   2.3273e+03
422.00   2.3273e+03
423.00   2.3273e+03
424.00   2.3273e+03
425.00   2.3272e+03
426.00   2.3272e+03
427.00   2.3272e+03
428.00   2.3272e+03
429.00   2.3271e+03
430.00   2.3271e+03
431.00   2.3271e+03
432.00   2.3271e+03
433.00   2.3270e+03
434.00   2.3270e+03
435.00   2.3270e+03
436.00   2.3270e+03
437.00   2.3269e+03
438.00   2.3269e+03
439.00   2.3269e+03
440.00   2.3269e+03
441.00   2.3269e+03
442.00   2.3268e+03
443.00   2.3268e+03
444.00   2.3268e+03
445.00   2.3268e+03
446.00   2.3267e+03
447.00   2.3267e+03
448.00   2.3267e+03
449.00   2.3267e+03
450.00   2.3266e+03
451.00   2.3266e+03
452.00   2.3266e+03
453.00   2.3266e+03
454.00   2.3265e+03
455.00   2.3265e+03
456.00   2.3265e+03
457.00   2.3265e+03
458.00   2.3264e+03
459.00   2.3264e+03
460.00   2.3264e+03
461.00   2.3264e+03
462.00   2.3263e+03
463.00   2.3263e+03
464.00   2.3263e+03
465.00   2.3263e+03
466.00   2.3262e+03
467.00   2.3262e+03
468.00   2.3262e+03
469.00   2.3262e+03
470.00   2.3262e+03
471.00   2.3261e+03
472.00   2.3261e+03
473.00   2.3261e+03
474.00   2.3261e+03
475.00   2.3260e+03
476.00   2.3260e+03
477.00   2.3260e+03
478.00   2.3260e+03
479.00   2.3259e+03
480.00   2.3259e+03
481.00   2.3259e+03
482.00   2.3259e+03
483.00   2.3258e+03
484.00   2.3258e+03
485.00   2.3258e+03
486.00   2.3258e+03
487.00   2.3257e+03
488.00   2.3257e+03
489.00   2.3257e+03
490.00   2.3257e+03
491.00   2.3256e+03
492.00   2.3256e+03
493.00   2.3256e+03
494.00   2.3256e+03
495.00   2.3255e+03
496.00   2.3255e+03
497.00   2.3255e+03
498.00   2.3255e+03
499.00   2.3254e+03
500.00   2.3254e+03
501.00   2.3254e+03
502.00   2.3254e+03
503.00   2.3253e+03
504.00   2.3253e+03
505.00   2.3253e+03
506.00   2.3253e+03
507.00   2.3252e+03
508.00   2.3252e+03
509.00   2.3252e+03
510.00   2.3252e+03
511.00   2.3251e+03
512.00   2.3251e+03
513.00   2.3251e+03
514.00   2.3251e+03
515.00   2.3250e+03
516.00   2.3250e+03
517.00   2.3250e+03
518.00   2.3249e+03
519.00   2.3249e+03
520.00   2.3249e+03
521.00   2.3249e+03
522.00   2.3248e+03
523.00   2.3248e+03
524.00   2.3248e+03
525.00   2.3248e+03
526.00   2.3247e+03
527.00   2.3247e+03
528.00   2.3247e+03
529.00   2.3247e+03
530.00   2.3246e+03
531.00   2.3246e+03
532.00   2.3246e+03
533.00   2.3246e+03
534.00   2.3245e+03
535.00   2.3245e+03
536.00   2.3245e+03
537.00   2.3245e+03
538.00   2.3244e+03
539.00   2.3244e+03
540.00   2.3244e+03
541.00   2.3244e+03
542.00   2.3243e+03
543.00   2.3243e+03
544.00   2.3243e+03
545.00   2.3243e+03
546.00   2.3242e+03
547.00   2.3242e+03
548.00   2.3242e+03
549.00   2.3241e+03
550.00   2.3241e+03
551.00   2.3241e+03
552.00   2.3241e+03
553.00   2.3240e+03
554.00   2.3240e+03
555.00   2.3240e+03
556.00   2.3240e+03
557.00   2.3239e+03
558.00   2.3239e+03
559.00   2.3239e+03
560.00   2.3239e+03
561.00   2.3238e+03
562.00   2.3238e+03
563.00   2.3238e+03
564.00   2.3238e+03
565.00   2.3237e+03
566.00   2.3237e+03
567.00   2.3237e+03
568.00   2.3237e+03
569.00   2.3236e+03
570.00   2.3236e+03
571.00   2.3236e+03
572.00   2.3235e+03
573.00   2.3235e+03
574.00   2.3235e+03
575.00   2.3235e+03
576.00   2.3234e+03
577.00   2.3234e+03
578.00   2.3234e+03
579.00   2.3234e+03
580.00   2.3233e+03
581.00   2.3233e+03
582.00   2.3233e+03
583.00   2.3233e+03
584.00   2.3232e+03
585.00   2.3232e+03
586.00   2.3232e+03
587.00   2.3231e+03
588.00   2.3231e+03
589.00   2.3231e+03
590.00   2.3231e+03
591.00   2.3230e+03
592.00   2.3230e+03
593.00   2.3230e+03
594.00   2.3230e+03
595.00   2.3229e+03
596.00   2.3229e+03
597.00   2.3229e+03
598.00   2.3229e+03
599.00   2.3228e+03
600.00   2.3228e+03
601.00   2.3228e+03
602.00   2.3227e+03
603.00   2.3227e+03
604.00   2.3227e+03
605.00   2.3227e+03
606.00   2.3226e+03
607.00   2.3226e+03
608.00   2.3226e+03
609.00   2.3226e+03
610.00   2.3225e+03
611.00   2.3225e+03
612.00   2.3225e+03
613.00   2.3224e+03
614.00   2.3224e+03
615.00   2.3224e+03
616.00   2.3224e+03
617.00   2.3223e+03
618.00   2.3223e+03
619.00   2.3223e+03
620.00   2.3223e+03
621.00   2.3222e+03
622.00   2.3222e+03
623.00   2.3222e+03
624.00   2.3221e+03
625.00   2.3221e+03
626.00   2.3221e+03
627.00   2.3221e+03
628.00   2.3220e+03
629.00   2.3220e+03
630.00   2.3220e+03
631.00   2.3220e+03
632.00   2.3219e+03
633.00   2.3219e+03
634.00   2.3219e+03
635.00   2.3219e+03
636.00   2.3218e+03
637.00   2.3218e+03
638.00   2.3218e+03
639.00   2.3217e+03
640.00   2.3217e+03
641.00   2.3217e+03
642.00   2.3217e+03
643.00   2.3216e+03
644.00   2.3216e+03
645.00   2.3216e+03
646.00   2.3215e+03
647.00   2.3215e+03
648.00   2.3215e+03
649.00   2.3215e+03
650.00   2.3214e+03
651.00   2.3214e+03
652.00   2.3214e+03
653.00   2.3214e+03
654.00   2.3213e+03
655.00   2.3213e+03
656.00   2.3213e+03
657.00   2.3212e+03
658.00   2.3212e+03
659.00   2.3212e+03
660.00   2.3212e+03
661.00   2.3211e+03
662.00   2.3211e+03
663.00   2.3211e+03
664.00   2.3211e+03
665.00   2.3210e+03
666.00   2.3210e+03
667.00   2.3210e+03
668.00   2.3209e+03
669.00   2.3209e+03
670.00   2.3209e+03
671.00   2.3209e+03
672.00   2.3208e+03
673.00   2.3208e+03
674.00   2.3208e+03
675.00   2.3207e+03
676.00   2.3207e+03
677.00   2.3207e+03
678.00   2.3207e+03
679.00   2.3206e+03
680.00   2.3206e+03
681.00   2.3206e+03
682.00   2.3206e+03
683.00   2.3205e+03
684.00   2.3205e+03
685.00   2.3205e+03
686.00   2.3204e+03
687.00   2.3204e+03
688.00   2.3204e+03
689.00   2.3204e+03
690.00   2.3203e+03
691.00   2.3203e+03
692.00   2.3203e+03
693.00   2.3202e+03
694.00   2.3202e+03
695.00   2.3202e+03
696.00   2.3202e+03
697.00   2.3201e+03
698.00   2.3201e+03
699.00   2.3201e+03
700.00   2.3201e+03
701.00   2.3200e+03
702.00   2.3200e+03
703.00   2.3200e+03
704.00   2.3199e+03
705.00   2.3199e+03
706.00   2.3199e+03
707.00   2.3199e+03
708.00   2.3198e+03
709.00   2.3198e+03
710.00   2.3198e+03
711.00   2.3197e+03
712.00   2.3197e+03
713.00   2.3197e+03
714.00   2.3197e+03
715.00   2.3196e+03
716.00   2.3196e+03
717.00   2.3196e+03
718.00   2.3195e+03
719.00   2.3195e+03
720.00   2.3195e+03
721.00   2.3195e+03
722.00   2.3194e+03
723.00   2.3194e+03
724.00   2.3194e+03
725.00   2.3194e+03
726.00   2.3193e+03
727.00   2.3193e+03
728.00   2.3193e+03
729.00   2.3192e+03
730.00   2.3192e+03
731.00   2.3192e+03
732.00   2.3192e+03
733.00   2.3191e+03
734.00   2.3191e+03
735.00   2.3191e+03
736.00   2.3190e+03
737.00   2.3190e+03
738.00   2.3190e+03
739.00   2.3190e+03
740.00   2.3189e+03
741.00   2.3189e+03
742.00   2.3189e+03
743.00   2.3188e+03
744.00   2.3188e+03
745.00   2.3188e+03
746.00   2.3188e+03
747.00   2.3187e+03
748.00   2.3187e+03
749.00   2.3187e+03
750.00   2.3186e+03
751.00   2.3186e+03
752.00   2.3186e+03
753.00   2.3186e+03
754.00   2.3185e+03
755.00   2.3185e+03
756.00   2.3185e+03
757.00   2.3184e+03
758.00   2.3184e+03
759.00   2.3184e+03
760.00   2.3184e+03
761.00   2.3183e+03
762.00   2.3183e+03
763.00   2.3183e+03
764.00   2.3182e+03
765.00   2.3182e+03
766.00   2.3182e+03
767.00   2.3182e+03
768.00   2.3181e+03
769.00   2.3181e+03
770.00   2.3181e+03
771.00   2.3180e+03
772.00   2.3180e+03
773.00   2.3180e+03
774.00   2.3180e+03
775.00   2.3179e+03
776.00   2.3179e+03
777.00   2.3179e+03
778.00   2.3178e+03
779.00   2.3178e+03
780.00   2.3178e+03
781.00   2.3178e+03
782.00   2.3177e+03
783.00   2.3177e+03
784.00   2.3177e+03
785.00   2.3176e+03
786.00   2.3176e+03
787.00   2.3176e+03
788.00   2.3176e+03
789.00   2.3175e+03
790.00   2.3175e+03
791.00   2.3175e+03
792.00   2.3174e+03
793.00   2.3174e+03
794.00   2.3174e+03
795.00   2.3174e+03
796.00   2.3173e+03
797.00   2.3173e+03
798.00   2.3173e+03
799.00   2.3172e+03
800.00   2.3172e+03
801.00   2.3172e+03
802.00   2.3172e+03
803.00   2.3171e+03
804.00   2.3171e+03
805.00   2.3171e+03
806.00   2.3170e+03
807.00   2.3170e+03
808.00   2.3170e+03
809.00   2.3170e+03
810.00   2.3169e+03
811.00   2.3169e+03
812.00   2.3169e+03
813.00   2.3168e+03
814.00   2.3168e+03
815.00   2.3168e+03
816.00   2.3168e+03
817.00   2.3167e+03
818.00   2.3167e+03
819.00   2.3167e+03
820.00   2.3166e+03
821.00   2.3166e+03
822.00   2.3166e+03
823.00   2.3166e+03
824.00   2.3165e+03
825.00   2.3165e+03
826.00   2.3165e+03
827.00   2.3164e+03
828.00   2.3164e+03
829.00   2.3164e+03
830.00   2.3164e+03
831.00   2.3163e+03
832.00   2.3163e+03
833.00   2.3163e+03
834.00   2.3162e+03
835.00   2.3162e+03
836.00   2.3162e+03
837.00   2.3161e+03
838.00   2.3161e+03
839.00   2.3161e+03
840.00   2.3161e+03
841.00   2.3160e+03
842.00   2.3160e+03
843.00   2.3160e+03
844.00   2.3159e+03
845.00   2.3159e+03
846.00   2.3159e+03
847.00   2.3159e+03
848.00   2.3158e+03
849.00   2.3158e+03
850.00   2.3158e+03
851.00   2.3157e+03
852.00   2.3157e+03
853.00   2.3157e+03
854.00   2.3157e+03
855.00   2.3156e+03
856.00   2.3156e+03
857.00   2.3156e+03
858.00   2.3155e+03
859.00   2.3155e+03
860.00   2.3155e+03
861.00   2.3154e+03
862.00   2.3154e+03
863.00   2.3154e+03
864.00   2.3154e+03
865.00   2.3153e+03
866.00   2.3153e+03
867.00   2.3153e+03
868.00   2.3152e+03
869.00   2.3152e+03
870.00   2.3152e+03
871.00   2.3152e+03
872.00   2.3151e+03
873.00   2.3151e+03
874.00   2.3151e+03
875.00   2.3150e+03
876.00   2.3150e+03
877.00   2.3150e+03
878.00   2.3149e+03
879.00   2.3149e+03
880.00   2.3149e+03
881.00   2.3149e+03
882.00   2.3148e+03
883.00   2.3148e+03
884.00   2.3148e+03
885.00   2.3147e+03
886.00   2.3147e+03
887.00   2.3147e+03
888.00   2.3147e+03
889.00   2.3146e+03
890.00   2.3146e+03
891.00   2.3146e+03
892.00   2.3145e+03
893.00   2.3145e+03
894.00   2.3145e+03
895.00   2.3144e+03
896.00   2.3144e+03
897.00   2.3144e+03
898.00   2.3144e+03
899.00   2.3143e+03
900.00   2.3143e+03
901.00   2.3143e+03
902.00   2.3142e+03
903.00   2.3142e+03
904.00   2.3142e+03
905.00   2.3142e+03
906.00   2.3141e+03
907.00   2.3141e+03
908.00   2.3141e+03
909.00   2.3140e+03
910.00   2.3140e+03
911.00   2.3140e+03
912.00   2.3139e+03
913.00   2.3139e+03
914.00   2.3139e+03
915.00   2.3139e+03
916.00   2.3138e+03
917.00   2.3138e+03
918.00   2.3138e+03
919.00   2.3137e+03
920.00   2.3137e+03
921.00   2.3137e+03
922.00   2.3136e+03
923.00   2.3136e+03
924.00   2.3136e+03
925.00   2.3136e+03
926.00   2.3135e+03
927.00   2.3135e+03
928.00   2.3135e+03
929.00   2.3134e+03
930.00   2.3134e+03
931.00   2.3134e+03
932.00   2.3133e+03
933.00   2.3133e+03
934.00   2.3133e+03
935.00   2.3133e+03
936.00   2.3132e+03
937.00   2.3132e+03
938.00   2.3132e+03
939.00   2.3131e+03
940.00   2.3131e+03
941.00   2.3131e+03
942.00   2.3130e+03
943.00   2.3130e+03
944.00   2.3130e+03
945.00   2.3130e+03
946.00   2.3129e+03
947.00   2.3129e+03
948.00   2.3129e+03
949.00   2.3128e+03
950.00   2.3128e+03
951.00   2.3128e+03
952.00   2.3127e+03
953.00   2.3127e+03
954.00   2.3127e+03
955.00   2.3127e+03
956.00   2.3126e+03
957.00   2.3126e+03
958.00   2.3126e+03
959.00   2.3125e+03
960.00   2.3125e+03
961.00   2.3125e+03
962.00   2.3124e+03
963.00   2.3124e+03
964.00   2.3124e+03
965.00   2.3123e+03
966.00   2.3123e+03
967.00   2.3123e+03
968.00   2.3123e+03
969.00   2.3122e+03
970.00   2.3122e+03
971.00   2.3122e+03
972.00   2.3121e+03
973.00   2.3121e+03
974.00   2.3121e+03
975.00   2.3120e+03
976.00   2.3120e+03
977.00   2.3120e+03
978.00   2.3120e+03
979.00   2.3119e+03
980.00   2.3119e+03
981.00   2.3119e+03
982.00   2.3118e+03
983.00   2.3118e+03
984.00   2.3118e+03
985.00   2.3117e+03
986.00   2.3117e+03
987.00   2.3117e+03
988.00   2.3116e+03
989.00   2.3116e+03
990.00   2.3116e+03
991.00   2.3116e+03
992.00   2.3115e+03
993.00   2.3115e+03
994.00   2.3115e+03
995.00   2.3114e+03
996.00   2.3114e+03
997.00   2.3114e+03
998.00   2.3113e+03
999.00   2.3113e+03
1000.00   2.3113e+03