73.00   2.7906e-01
74.00   2.7906e-01
75.00   2.7905e-01
76.00   2.7905e-01
77.00   2.7904e-01
78.00   2.7904e-01
79.00   2.7904e-01
80.00   2.7903e-01
81.00   2.7903e-01
82.00   2.7902e-01
83.00   2.7902e-01
84.00   2.7901e-01
85.00   2.7901e-01
86.00   2.7900e-01
87.00   2.7900e-01
88.00   2.7899e-01
89.00   2.7899e-01
90.00   2.7898e-01
91.00   2.7898e-01
92.00   2.7897e-01
93.00   2.7897e-01
94.00   2.7897e-01
95.00   2.7896e-01
96.00   2.7896e-01
97.00   2.7895e-01
98.00   2.7895e-01
99.00   2.7894e-01
100.00   2.7894e-01
101.00   2.7893e-01
102.00   2.7893e-01
103.00   2.7892e-01
104.00   2.7892e-01
105.00   2.7891e-01
106.00   2.7891e-01
107.00   2.7890e-01
108.00   2.7890e-01
109.00   2.7889e-01
110.00   2.7889e-01
111.00   2.7889e-01
112.00   2.7888e-01
113.00   2.7888e-01
114.00   2.7887e-01
115.00   2.7887e-01
116.00   2.7886e-01
117.00   2.7886e-01
118.00   2.7885e-01
119.00   2.7885e-01
120.00   2.7884e-01
121.00   2.7884e-01
122.00   2.7883e-01
123.00   2.7883e-01
124.00   2.7882e-01
125.00   2.7882e-01
126.00   2.7882e-01
127.00   2.7881e-01
128.00   2.7881e-01
129.00   2.7880e-01
130.00   2.7880e-01
131.00   2.7879e-01
132.00   2.7879e-01
133.00   2.7878e-01
134.00   2.7878e-01
135.00   2.7877e-01
136.00   2.7877e-01
137.00   2.7876e-01
138.00   2.7876e-01
139.00   2.7875e-01
140.00   2.7875e-01
141.00   2.7875e-01
142.00   2.7874e-01
143.00   2.7874e-01
144.00   2.7873e-01
145.00   2.7873e-01
146.00   2.7872e-01
147.00   2.7872e-01
148.00   2.7871e-01
149.00   2.7871e-01
150.00   2.7870e-01
151.00   2.7870e-01
152.00   2.7869e-01
153.00   2.7869e-01
154.00   2.7868e-01
155.00   2.7868e-01
156.00   2.7867e-01
157.00   2.7867e-01
158.00   2.7867e-01
159.00   2.7866e-01
160.00   2.7866e-01
161.00   2.7865e-01
162.00   2.7865e-01
163.00   2.7864e-01
164.00   2.7864e-01
165.00   2.7863e-01
166.00   2.7863e-01
167.00   2.7862e-01
168.00   2.7862e-01
169.00   2.7861e-01
170.00   2.7861e-01
171.00   2.7860e-01
172.00   2.7860e-01
173.00   2.7860e-01
174.00   2.7859e-01
175.00   2.7859e-01
176.00   2.7858e-01
177.00   2.7858e-01
178.00   2.7857e-01
179.00   2.7857e-01
180.00   2.7856e-01
181.00   2.7856e-01
182.00   2.7855e-01
183.00   2.7855e-01
184.00   2.7854e-01
185.00   2.7854e-01
186.00   2.7853e-01
187.00   2.7853e-01
188.00   2.7852e-01
189.00   2.7852e-01
190.00   2.7852e-01
191.00   2.7851e-01
192.00   2.7851e-01
193.00   2.7850e-01
194.00   2.7850e-01
195.00   2.7849e-01
196.00   2.7849e-01
197.00   2.7848e-01
198.00   2.7848e-01
199.00   2.7847e-01
200.00   2.7847e-01
201.00   2.7846e-01
202.00   2.7846e-01
203.00   2.7845e-01
204.00   2.7845e-01
205.00   2.7845e-01
206.00   2.7844e-01
207.00   2.7844e-01
208.00   2.7843e-01
209.00   2.7843e-01
210.00   2.7842e-01
211.00   2.7842e-01
212.00   2.7841e-01
213.00   2.7841e-01
214.00   2.7840e-01
215.00   2.7840e-01
216.00   2.7839e-01
217.00   2.7839e-01
218.00   2.7838e-01
219.00   2.7838e-01
220.00   2.7838e-01
221.00   2.7837e-01
222.00   2.7837e-01
223.00   2.7836e-01
224.00   2.7836e-01
225.00   2.7835e-01
226.00   2.7835e-01
227.00   2.7834e-01
228.00   2.7834e-01
229.00   2.7833e-01
230.00   2.7833e-01
231.00   2.7832e-01
232.00   2.7832e-01
233.00   2.7831e-01
234.00   2.7831e-01
235.00   2.7830e-01
236.00   2.7830e-01
237.00   2.7830e-01
238.00   2.7829e-01
239.00   2.7829e-01
240.00   2.7828e-01
241.00   2.7828e-01
242.00   2.7827e-01
243.00   2.7827e-01
244.00   2.7826e-01
245.00   2.7826e-01
246.00   2.7825e-01
247.00   2.7825e-01
248.00   2.7824e-01
249.00   2.7824e-01
250.00   2.7823e-01
251.00   2.7823e-01
252.00   2.7823e-01
253.00   2.7822e-01
254.00   2.7822e-01
255.00   2.7821e-01
256.00   2.7821e-01
257.00   2.7820e-01
258.00   2.7820e-01
259.00   2.7819e-01
260.00   2.7819e-01
261.00   2.7818e-01
262.00   2.7818e-01
263.00   2.7817e-01
264.00   2.7817e-01
265.00   2.7816e-01
266.00   2.7816e-01
267.00   2.7816e-01
268.00   2.7815e-01
269.00   2.7815e-01
270.00   2.7814e-01
271.00   2.7814e-01
272.00   2.7813e-01
273.00   2.7813e-01
274.00   2.7812e-01
275.00   2.7812e-01
276.00   2.7811e-01
277.00   2.7811e-01
278.00   2.7810e-01
279.00   2.7810e-01
280.00   2.7809e-01
281.00   2.7809e-01
282.00   2.7808e-01
283.00   2.7808e-01
284.00   2.7808e-01
285.00   2.7807e-01
286.00   2.7807e-01
287.00   2.7806e-01
288.00   2.7806e-01
289.00   2.7805e-01
290.00   2.7805e-01
291.00   2.7804e-01
292.00   2.7804e-01
293.00   2.7803e-01
294.00   2.7803e-01
295.00   2.7802e-01
296.00   2.7802e-01
297.00   2.7801e-01
298.00   2.7801e-01
299.00   2.7801e-01
300.00   2.7800e-01
301.00   2.7800e-01
302.00   2.7799e-01
303.00   2.7799e-01
304.00   2.7798e-01
305.00   2.7798e-01
306.00   2.7797e-01
307.00   2.7797e-01
308.00   2.7796e-01
309.00   2.7796e-01
310.00   2.7795e-01
311.00   2.7795e-01
312.00   2.7794e-01
313.00   2.7794e-01
314.00   2.7793e-01
315.00   2.7793e-01
316.00   2.7793e-01
317.00   2.7792e-01
318.00   2.7792e-01
319.00   2.7791e-01
320.00   2.7791e-01
321.00   2.7790e-01
322.00   2.7790e-01
323.00   2.7789e-01
324.00   2.7789e-01
325.00   2.7788e-01
326.00   2.7788e-01
327.00   2.7787e-01
328.00   2.7787e-01
329.00   2.7786e-01
330.00   2.7786e-01
331.00   2.7786e-01
332.00   2.7785e-01
333.00   2.7785e-01
334.00   2.7784e-01
335.00   2.7784e-01
336.00   2.7783e-01
337.00   2.7783e-01
338.00   2.7782e-01
339.00   2.7782e-01
340.00   2.7781e-01
341.00   2.7781e-01
342.00   2.7780e-01
343.00   2.7780e-01
344.00   2.7779e-01
345.00   2.7779e-01
346.00   2.7779e-01
347.00   2.7778e-01
348.00   2.7778e-01
349.00   2.7777e-01
350.00   2.7777e-01
351.00   2.7776e-01
352.00   2.7776e-01
353.00   2.7775e-01
354.00   2.7775e-01
355.00   2.7774e-01
356.00   2.7774e-01
357.00   2.7773e-01
358.00   2.7773e-01
359.00   2.7772e-01
360.00   2.7772e-01
361.00   2.7771e-01
362.00   2.7771e-01
363.00   2.7771e-01
364.00   2.7770e-01
365.00   2.7770e-01
366.00   2.7769e-01
367.00   2.7769e-01
368.00   2.7768e-01
369.00   2.7768e-01
370.00   2.7767e-01
371.00   2.7767e-01
372.00   2.7766e-01
373.00   2.7766e-01
374.00   2.7765e-01
375.00   2.7765e-01
376.00   2.7764e-01
377.00   2.7764e-01
378.00   2.7764e-01
379.00   2.7763e-01
380.00   2.7763e-01
381.00   2.7762e-01
382.00   2.7762e-01
383.00   2.7761e-01
384.00   2.7761e-01
385.00   2.7760e-01
386.00   2.7760e-01
387.00   2.7759e-01
388.00   2.7759e-01
389.00   2.7758e-01
390.00   2.7758e-01
391.00   2.7757e-01
392.00   2.7757e-01
393.00   2.7756e-01
394.00   2.7756e-01
395.00   2.7756e-01
396.00   2.7755e-01
397.00   2.7755e-01
398.00   2.7754e-01
399.00   2.7754e-01
400.00   2.7753e-01
401.00   2.7753e-01
402.00   2.7752e-01
403.00   2.7752e-01
404.00   2.7751e-01
405.00   2.7751e-01
406.00   2.7750e-01
407.00   2.7750e-01
408.00   2.7749e-01
409.00   2.7749e-01
410.00   2.7749e-01
411.00   2.7748e-01
412.00   2.7748e-01
413.00   2.7747e-01
414.00   2.7747e-01
415.00   2.7746e-01
416.00   2.7746e-01
417.00   2.7745e-01
418.00   2.7745e-01
419.00   2.7744e-01
420.00   2.7744e-01
421.00   2.7743e-01
422.00   2.7743e-01
423.00   2.7742e-01
424.00   2.7742e-01
425.00   2.7742e-01
426.00   2.7741e-01
427.00   2.7741e-01
428.00   2.7740e-01
429.00   2.7740e-01
430.00   2.7739e-01
431.00   2.7739e-01
432.00   2.7738e-01
433.00   2.7738e-01
434.00   2.7737e-01
435.00   2.7737e-01
436.00   2.7736e-01
437.00   2.7736e-01
438.00   2.7735e-01
439.00   2.7735e-01
440.00   2.7734e-01
441.00   2.7734e-01
442.00   2.7734e-01
443.00   2.7733e-01
444.00   2.7733e-01
445.00   2.7732e-01
446.00   2.7732e-01
447.00   2.7731e-01
448.00   2.7731e-01
449.00   2.7730e-01
450.00   2.7730e-01
451.00   2.7729e-01
452.00   2.7729e-01
453.00   2.7728e-01
454.00   2.7728e-01
455.00   2.7727e-01
456.00   2.7727e-01
457.00   2.7727e-01
458.00   2.7726e-01
459.00   2.7726e-01
460.00   2.7725e-01
461.00   2.7725e-01
462.00   2.7724e-01
463.00   2.7724e-01
464.00   2.7723e-01
465.00   2.7723e-01
466.00   2.7722e-01
467.00   2.7722e-01
468.00   2.7721e-01
469.00   2.7721e-01
470.00   2.7720e-01
471.00   2.7720e-01
472.00   2.7720e-01
473.00   2.7719e-01
474.00   2.7719e-01
475.00   2.7718e-01
476.00   2.7718e-01
477.00   2.7717e-01
478.00   2.7717e-01
479.00   2.7716e-01
480.00   2.7716e-01
481.00   2.7715e-01
482.00   2.7715e-01
483.00   2.7714e-01
484.00   2.7714e-01
485.00   2.7713e-01
486.00   2.7713e-01
487.00   2.7712e-01
488.00   2.7712e-01
489.00   2.7712e-01
490.00   2.7711e-01
491.00   2.7711e-01
492.00   2.7710e-01
493.00   2.7710e-01
494.00   2.7709e-01
495.00   2.7709e-01
496.00   2.7708e-01
497.00   2.7708e-01
498.00   2.7707e-01
499.00   2.7707e-01
500.00   2.7706e-01
501.00   2.7706e-01
502.00   2.7705e-01
503.00   2.7705e-01
504.00   2.7705e-01
505.00   2.7704e-01
506.00   2.7704e-01
507.00   2.7703e-01
508.00   2.7703e-01
509.00   2.7702e-01
510.00   2.7702e-01
511.00   2.7701e-01
512.00   2.7701e-01
513.00   2.7700e-01
514.00   2.7700e-01
515.00   2.7699e-01
516.00   2.7699e-01
517.00   2.7698e-01
518.00   2.7698e-01
519.00   2.7697e-01
520.00   2.7697e-01
521.00   2.7697e-01
522.00   2.7696e-01
523.00   2.7696e-01
524.00   2.7695e-01
525.00   2.7695e-01
526.00   2.7694e-01
527.00   2.7694e-01
528.00   2.7693e-01
529.00   2.7693e-01
530.00   2.7692e-01
531.00   2.7692e-01
532.00   2.7691e-01
533.00   2.7691e-01
534.00   2.7690e-01
535.00   2.7690e-01
536.00   2.7690e-01
537.00   2.7689e-01
538.00   2.7689e-01
539.00   2.7688e-01
540.00   2.7688e-01
541.00   2.7687e-01
542.00   2.7687e-01
543.00   2.7686e-01
544.00   2.7686e-01
545.00   2.7685e-01
546.00   2.7685e-01
547.00   2.7684e-01
548.00   2.7684e-01
549.00   2.7683e-01
550.00   2.7683e-01
551.00   2.7683e-01
552.00   2.7682e-01
553.00   2.7682e-01
554.00   2.7681e-01
555.00   2.7681e-01
556.00   2.7680e-01
557.00   2.7680e-01
558.00   2.7679e-01
559.00   2.7679e-01
560.00   2.7678e-01
561.00   2.7678e-01
562.00   2.7677e-01
563.00   2.7677e-01
564.00   2.7676e-01
565.00   2.7676e-01
566.00   2.7675e-01
567.00   2.7675e-01
568.00   2.7675e-01
569.00   2.7674e-01
570.00   2.7674e-01
571.00   2.7673e-01
572.00   2.7673e-01
573.00   2.7672e-01
574.00   2.7672e-01
575.00   2.7671e-01
576.00   2.7671e-01
577.00   2.7670e-01
578.00   2.7670e-01
579.00   2.7669e-01
580.00   2.7669e-01
581.00   2.7668e-01
582.00   2.7668e-01
583.00   2.7668e-01
584.00   2.7667e-01
585.00   2.7667e-01
586.00   2.7666e-01
587.00   2.7666e-01
588.00   2.7665e-01
589.00   2.7665e-01
590.00   2.7664e-01
591.00   2.7664e-01
592.00   2.7663e-01
593.00   2.7663e-01
594.00   2.7662e-01
595.00   2.7662e-01
596.00   2.7661e-01
597.00   2.7661e-01
598.00   2.7661e-01
599.00   2.7660e-01
600.00   2.7660e-01
601.00   2.7659e-01
602.00   2.7659e-01
603.00   2.7658e-01
604.00   2.7658e-01
605.00   2.7657e-01
606.00   2.7657e-01
607.00   2.7656e-01
608.00   2.7656e-01
609.00   2.7655e-01
610.00   2.7655e-01
611.00   2.7654e-01
612.00   2.7654e-01
613.00   2.7653e-01
614.00   2.7653e-01
615.00   2.7653e-01
616.00   2.7652e-01
617.00   2.7652e-01
618.00   2.7651e-01
619.00   2.7651e-01
620.00   2.7650e-01
621.00   2.7650e-01
622.00   2.7649e-01
623.00   2.7649e-01
624.00   2.7648e-01
625.00   2.7648e-01
626.00   2.7647e-01
627.00   2.7647e-01
628.00   2.7646e-01
629.00   2.7646e-01
630.00   2.7646e-01
631.00   2.7645e-01
632.00   2.7645e-01
633.00   2.7644e-01
634.00   2.7644e-01
635.00   2.7643e-01
636.00   2.7643e-01
637.00   2.7642e-01
638.00   2.7642e-01
639.00   2.7641e-01
640.00   2.7641e-01
641.00   2.7640e-01
642.00   2.7640e-01
643.00   2.7639e-01
644.00   2.7639e-01
645.00   2.7638e-01
646.00   2.7638e-01
647.00   2.7638e-01
648.00   2.7637e-01
649.00   2.7637e-01
650.00   2.7636e-01
651.00   2.7636e-01
652.00   2.7635e-01
653.00   2.7635e-01
654.00   2.7634e-01
655.00   2.7634e-01
656.00   2.7633e-01
657.00   2.7633e-01
658.00   2.7632e-01
659.00   2.7632e-01
660.00   2.7631e-01
661.00   2.7631e-01
662.00   2.7631e-01
663.00   2.7630e-01
664.00   2.7630e-01
665.00   2.7629e-01
666.00   2.7629e-01
667.00   2.7628e-01
668.00   2.7628e-01
669.00   2.7627e-01
670.00   2.7627e-01
671.00   2.7626e-01
672.00   2.7626e-01
673.00   2.7625e-01
674.00   2.7625e-01
675.00   2.7624e-01
676.00   2.7624e-01
677.00   2.7624e-01
678.00   2.7623e-01
679.00   2.7623e-01
680.00   2.7622e-01
681.00   2.7622e-01
682.00   2.7621e-01
683.00   2.7621e-01
684.00   2.7620e-01
685.00   2.7620e-01
686.00   2.7619e-01
687.00   2.7619e-01
688.00   2.7618e-01
689.00   2.7618e-01
690.00   2.7617e-01
691.00   2.7617e-01
692.00   2.7616e-01
693.00   2.7616e-01
694.00   2.7616e-01
695.00   2.7615e-01
696.00   2.7615e-01
697.00   2.7614e-01
698.00   2.7614e-01
699.00   2.7613e-01
700.00   2.7613e-01
701.00   2.7612e-01
702.00   2.7612e-01
703.00   2.7611e-01
704.00   2.7611e-01
705.00   2.7610e-01
706.00   2.7610e-01
707.00   2.7609e-01
708.00   2.7609e-01
709.00   2.7609e-01
710.00   2.7608e-01
711.00   2.7608e-01
712.00   2.7607e-01
713.00   2.7607e-01
714.00   2.7606e-01
715.00   2.7606e-01
716.00   2.7605e-01
717.00   2.7605e-01
718.00   2.7604e-01
719.00   2.7604e-01
720.00   2.7603e-01
721.00   2.7603e-01
722.00   2.7602e-01
723.00   2.7602e-01
724.00   2.7602e-01
725.00   2.7601e-01
726.00   2.7601e-01
727.00   2.7600e-01
728.00   2.7600e-01
729.00   2.7599e-01
730.00   2.7599e-01
731.00   2.7598e-01
732.00   2.7598e-01
733.00   2.7597e-01
734.00   2.7597e-01
735.00   2.7596e-01
736.00   2.7596e-01
737.00   2.7595e-01
738.00   2.7595e-01
739.00   2.7594e-01
740.00   2.7594e-01
741.00   2.7594e-01
742.00   2.7593e-01
743.00   2.7593e-01
744.00   2.7592e-01
745.00   2.7592e-01
746.00   2.7591e-01
747.00   2.7591e-01
748.00   2.7590e-01
749.00   2.7590e-01
750.00   2.7589e-01
751.00   2.7589e-01
752.00   2.7588e-01
753.00   2.7588e-01
754.00   2.7587e-01
755.00   2.7587e-01
756.00   2.7587e-01
757.00   2.7586e-01
758.00   2.7586e-01
759.00   2.7585e-01
760.00   2.7585e-01
761.00   2.7584e-01
762.00   2.7584e-01
763.00   2.7583e-01
764.00   2.7583e-01
765.00   2.7582e-01
766.00   2.7582e-01
767.00   2.7581e-01
768.00   2.7581e-01
769.00   2.7580e-01
770.00   2.7580e-01
771.00   2.7579e-01
772.00   2.7579e-01
773.00   2.7579e-01
774.00   2.7578e-01
775.00   2.7578e-01
776.00   2.7577e-01
777.00   2.7577e-01
778.00   2.7576e-01
779.00   2.7576e-01
780.00   2.7575e-01
781.00   2.7575e-01
782.00   2.7574e-01
783.00   2.7574e-01
784.00   2.7573e-01
785.00   2.7573e-01
786.00   2.7572e-01
787.00   2.7572e-01
788.00   2.7572e-01
789.00   2.7571e-01
790.00   2.7571e-01
791.00   2.7570e-01
792.00   2.7570e-01
793.00   2.7569e-01
794.00   2.7569e-01
795.00   2.7568e-01
796.00   2.7568e-01
797.00   2.7567e-01
798.00   2.7567e-01
799.00   2.7566e-01
800.00   2.7566e-01
801.00   2.7565e-01
802.00   2.7565e-01
803.00   2.7565e-01
804.00   2.7564e-01
805.00   2.7564e-01
806.00   2.7563e-01
807.00   2.7563e-01
808.00   2.7562e-01
809.00   2.7562e-01
810.00   2.7561e-01
811.00   2.7561e-01
812.00   2.7560e-01
813.00   2.7560e-01
814.00   2.7559e-01
815.00   2.7559e-01
816.00   2.7558e-01
817.00   2.7558e-01
818.00   2.7557e-01
819.00   2.7557e-01
820.00   2.7557e-01
821.00   2.7556e-01
822.00   2.7556e-01
823.00   2.7555e-01
824.00   2.7555e-01
825.00   2.7554e-01
826.00   2.7554e-01
827.00   2.7553e-01
828.00   2.7553e-01
829.00   2.7552e-01
830.00   2.7552e-01
831.00   2.7551e-01
832.00   2.7551e-01
833.00   2.7550e-01
834.00   2.7550e-01
835.00   2.7550e-01
836.00   2.7549e-01
837.00   2.7549e-01
838.00   2.7548e-01
839.00   2.7548e-01
840.00   2.7547e-01
841.00   2.7547e-01
842.00   2.7546e-01
843.00   2.7546e-01
844.00   2.7545e-01
845.00   2.7545e-01
846.00   2.7544e-01
847.00   2.7544e-01
848.00   2.7543e-01
849.00   2.7543e-01
850.00   2.7543e-01
851.00   2.7542e-01
852.00   2.7542e-01
853.00   2.7541e-01
854.00   2.7541e-01
855.00   2.7540e-01
856.00   2.7540e-01
857.00   2.7539e-01
858.00   2.7539e-01
859.00   2.7538e-01
860.00   2.7538e-01
861.00   2.7537e-01
862.00   2.7537e-01
863.00   2.7536e-01
864.00   2.7536e-01
865.00   2.7535e-01
866.00   2.7535e-01
867.00   2.7535e-01
868.00   2.7534e-01
869.00   2.7534e-01
870.00   2.7533e-01
871.00   2.7533e-01
872.00   2.7532e-01
873.00   2.7532e-01
874.00   2.7531e-01
875.00   2.7531e-01
876.00   2.7530e-01
877.00   2.7530e-01
878.00   2.7529e-01
879.00   2.7529e-01
880.00   2.7528e-01
881.00   2.7528e-01
882.00   2.7528e-01
883.00   2.7527e-01
884.00   2.7527e-01
885.00   2.7526e-01
886.00   2.7526e-01
887.00   2.7525e-01
888.00   2.7525e-01
889.00   2.7524e-01
890.00   2.7524e-01
891.00   2.7523e-01
892.00   2.7523e-01
893.00   2.7522e-01
894.00   2.7522e-01
895.00   2.7521e-01
896.00   2.7521e-01
897.00   2.7520e-01
898.00   2.7520e-01
899.00   2.7520e-01
900.00   2.7519e-01
901.00   2.7519e-01
902.00   2.7518e-01
903.00   2.7518e-01
904.00   2.7517e-01
905.00   2.7517e-01
906.00   2.7516e-01
907.00   2.7516e-01
908.00   2.7515e-01
909.00   2.7515e-01
910.00   2.7514e-01
911.00   2.7514e-01
912.00   2.7513e-01
913.00   2.7513e-01
914.00   2.7513e-01
915.00   2.7512e-01
916.00   2.7512e-01
917.00   2.7511e-01
918.00   2.7511e-01
919.00   2.7510e-01
920.00   2.7510e-01
921.00   2.7509e-01
922.00   2.7509e-01
923.00   2.7508e-01