73.00   2.2344e-01
74.00   2.2343e-01
75.00   2.2343e-01
76.00   2.2342e-01
77.00   2.2341e-01
78.00   2.2341e-01
79.00   2.2340e-01
80.00   2.2340e-01
81.00   2.2339e-01
82.00   2.2338e-01
83.00   2.2338e-01
84.00   2.2337e-01
85.00   2.2337e-01
86.00   2.2336e-01
87.00   2.2335e-01
88.00   2.2335e-01
89.00   2.2334e-01
90.00   2.2333e-01
91.00   2.2333e-01
92.00   2.2332e-01
93.00   2.2332e-01
94.00   2.2331e-01
95.00   2.2330e-01
96.00   2.2330e-01
97.00   2.2329e-01
98.00   2.2329e-01
99.00   2.2328e-01
100.00   2.2327e-01
101.00   2.2327e-01
102.00   2.2326e-01
103.00   2.2326e-01
104.00   2.2325e-01
105.00   2.2324e-01
106.00   2.2324e-01
107.00   2.2323e-01
108.00   2.2323e-01
109.00   2.2322e-01
110.00   2.2321e-01
111.00   2.2321e-01
112.00   2.2320e-01
113.00   2.2320e-01
114.00   2.2319e-01
115.00   2.2318e-01
116.00   2.2318e-01
117.00   2.2317e-01
118.00   2.2317e-01
119.00   2.2316e-01
120.00   2.2315e-01
121.00   2.2315e-01
122.00   2.2314e-01
123.00   2.2314e-01
124.00   2.2313e-01
125.00   2.2312e-01
126.00   2.2312e-01
127.00   2.2311e-01
128.00   2.2311e-01
129.00   2.2310e-01
130.00   2.2309e-01
131.00   2.2309e-01
132.00   2.2308e-01
133.00   2.2308e-01
134.00   2.2307e-01
135.00   2.2306e-01
136.00   2.2306e-01
137.00   2.2305e-01
138.00   2.2305e-01
139.00   2.2304e-01
140.00   2.2303e-01
141.00   2.2303e-01
142.00   2.2302e-01
143.00   2.2302e-01
144.00   2.2301e-01
145.00   2.2300e-01
146.00   2.2300e-01
147.00   2.2299e-01
148.00   2.2299e-01
149.00   2.2298e-01
150.00   2.2297e-01
151.00   2.2297e-01
152.00   2.2296e-01
153.00   2.2296e-01
154.00   2.2295e-01
155.00   2.2294e-01
156.00   2.2294e-01
157.00   2.2293e-01
158.00   2.2293e-01
159.00   2.2292e-01
160.00   2.2291e-01
161.00   2.2291e-01
162.00   2.2290e-01
163.00   2.2290e-01
164.00   2.2289e-01
165.00   2.2288e-01
166.00   2.2288e-01
167.00   2.2287e-01
168.00   2.2287e-01
169.00   2.2286e-01
170.00   2.2285e-01
171.00   2.2285e-01
172.00   2.2284e-01
173.00   2.2284e-01
174.00   2.2283e-01
175.00   2.2282e-01
176.00   2.2282e-01
177.00   2.2281e-01
178.00   2.2281e-01
179.00   2.2280e-01
180.00   2.2279e-01
181.00   2.2279e-01
182.00   2.2278e-01
183.00   2.2278e-01
184.00   2.2277e-01
185.00   2.2276e-01
186.00   2.2276e-01
187.00   2.2275e-01
188.00   2.2275e-01
189.00   2.2274e-01
190.00   2.2273e-01
191.00   2.2273e-01
192.00   2.2272e-01
193.00   2.2272e-01
194.00   2.2271e-01
195.00   2.2270e-01
196.00   2.2270e-01
197.00   2.2269e-01
198.00   2.2269e-01
199.00   2.2268e-01
200.00   2.2267e-01
201.00   2.2267e-01
202.00   2.2266e-01
203.00   2.2266e-01
204.00   2.2265e-01
205.00   2.2264e-01
206.00   2.2264e-01
207.00   2.2263e-01
208.00   2.2263e-01
209.00   2.2262e-01
210.00   2.2261e-01
211.00   2.2261e-01
212.00   2.2260e-01
213.00   2.2260e-01
214.00   2.2259e-01
215.00   2.2258e-01
216.00   2.2258e-01
217.00   2.2257e-01
218.00   2.2257e-01
219.00   2.2256e-01
220.00   2.2255e-01
221.00   2.2255e-01
222.00   2.2254e-01
223.00   2.2254e-01
224.00   2.2253e-01
225.00   2.2252e-01
226.00   2.2252e-01
227.00   2.2251e-01
228.00   2.2251e-01
229.00   2.2250e-01
230.00   2.2249e-01
231.00   2.2249e-01
232.00   2.2248e-01
233.00   2.2248e-01
234.00   2.2247e-01
235.00   2.2246e-01
236.00   2.2246e-01
237.00   2.2245e-01
238.00   2.2245e-01
239.00   2.2244e-01
240.00   2.2243e-01
241.00   2.2243e-01
242.00   2.2242e-01
243.00   2.2242e-01
244.00   2.2241e-01
245.00   2.2240e-01
246.00   2.2240e-01
247.00   2.2239e-01
248.00   2.2239e-01
249.00   2.2238e-01
250.00   2.2237e-01
251.00   2.2237e-01
252.00   2.2236e-01
253.00   2.2235e-01
254.00   2.2235e-01
255.00   2.2234e-01
256.00   2.2234e-01
257.00   2.2233e-01
258.00   2.2232e-01
259.00   2.2232e-01
260.00   2.2231e-01
261.00   2.2231e-01
262.00   2.2230e-01
263.00   2.2229e-01
264.00   2.2229e-01
265.00   2.2228e-01
266.00   2.2228e-01
267.00   2.2227e-01
268.00   2.2226e-01
269.00   2.2226e-01
270.00   2.2225e-01
271.00   2.2225e-01
272.00   2.2224e-01
273.00   2.2223e-01
274.00   2.2223e-01
275.00   2.2222e-01
276.00   2.2222e-01
277.00   2.2221e-01
278.00   2.2220e-01
279.00   2.2220e-01
280.00   2.2219e-01
281.00   2.2219e-01
282.00   2.2218e-01
283.00   2.2217e-01
284.00   2.2217e-01
285.00   2.2216e-01
286.00   2.2216e-01
287.00   2.2215e-01
288.00   2.2214e-01
289.00   2.2214e-01
290.00   2.2213e-01
291.00   2.2213e-01
292.00   2.2212e-01
293.00   2.2211e-01
294.00   2.2211e-01
295.00   2.2210e-01
296.00   2.2210e-01
297.00   2.2209e-01
298.00   2.2208e-01
299.00   2.2208e-01
300.00   2.2207e-01
301.00   2.2207e-01
302.00   2.2206e-01
303.00   2.2205e-01
304.00   2.2205e-01
305.00   2.2204e-01
306.00   2.2204e-01
307.00   2.2203e-01
308.00   2.2202e-01
309.00   2.2202e-01
310.00   2.2201e-01
311.00   2.2201e-01
312.00   2.2200e-01
313.00   2.2199e-01
314.00   2.2199e-01
315.00   2.2198e-01
316.00   2.2198e-01
317.00   2.2197e-01
318.00   2.2196e-01
319.00   2.2196e-01
320.00   2.2195e-01
321.00   2.2195e-01
322.00   2.2194e-01
323.00   2.2193e-01
324.00   2.2193e-01
325.00   2.2192e-01
326.00   2.2192e-01
327.00   2.2191e-01
328.00   2.2190e-01
329.00   2.2190e-01
330.00   2.2189e-01
331.00   2.2189e-01
332.00   2.2188e-01
333.00   2.2187e-01
334.00   2.2187e-01
335.00   2.2186e-01
336.00   2.2186e-01
337.00   2.2185e-01
338.00   2.2184e-01
339.00   2.2184e-01
340.00   2.2183e-01
341.00   2.2183e-01
342.00   2.2182e-01
343.00   2.2181e-01
344.00   2.2181e-01
345.00   2.2180e-01
346.00   2.2180e-01
347.00   2.2179e-01
348.00   2.2178e-01
349.00   2.2178e-01
350.00   2.2177e-01
351.00   2.2177e-01
352.00   2.2176e-01
353.00   2.2175e-01
354.00   2.2175e-01
355.00   2.2174e-01
356.00   2.2174e-01
357.00   2.2173e-01
358.00   2.2172e-01
359.00   2.2172e-01
360.00   2.2171e-01
361.00   2.2171e-01
362.00   2.2170e-01
363.00   2.2169e-01
364.00   2.2169e-01
365.00   2.2168e-01
366.00   2.2168e-01
367.00   2.2167e-01
368.00   2.2166e-01
369.00   2.2166e-01
370.00   2.2165e-01
371.00   2.2165e-01
372.00   2.2164e-01
373.00   2.2163e-01
374.00   2.2163e-01
375.00   2.2162e-01
376.00   2.2162e-01
377.00   2.2161e-01
378.00   2.2160e-01
379.00   2.2160e-01
380.00   2.2159e-01
381.00   2.2159e-01
382.00   2.2158e-01
383.00   2.2157e-01
384.00   2.2157e-01
385.00   2.2156e-01
386.00   2.2156e-01
387.00   2.2155e-01
388.00   2.2154e-01
389.00   2.2154e-01
390.00   2.2153e-01
391.00   2.2153e-01
392.00   2.2152e-01
393.00   2.2151e-01
394.00   2.2151e-01
395.00   2.2150e-01
396.00   2.2150e-01
397.00   2.2149e-01
398.00   2.2148e-01
399.00   2.2148e-01
400.00   2.2147e-01
401.00   2.2147e-01
402.00   2.2146e-01
403.00   2.2145e-01
404.00   2.2145e-01
405.00   2.2144e-01
406.00   2.2144e-01
407.00   2.2143e-01
408.00   2.2142e-01
409.00   2.2142e-01
410.00   2.2141e-01
411.00   2.2140e-01
412.00   2.2140e-01
413.00   2.2139e-01
414.00   2.2139e-01
415.00   2.2138e-01
416.00   2.2137e-01
417.00   2.2137e-01
418.00   2.2136e-01
419.00   2.2136e-01
420.00   2.2135e-01
421.00   2.2134e-01
422.00   2.2134e-01
423.00   2.2133e-01
424.00   2.2133e-01
425.00   2.2132e-01
426.00   2.2131e-01
427.00   2.2131e-01
428.00   2.2130e-01
429.00   2.2130e-01
430.00   2.2129e-01
431.00   2.2128e-01
432.00   2.2128e-01
433.00   2.2127e-01
434.00   2.2127e-01
435.00   2.2126e-01
436.00   2.2125e-01
437.00   2.2125e-01
438.00   2.2124e-01
439.00   2.2124e-01
440.00   2.2123e-01
441.00   2.2122e-01
442.00   2.2122e-01
443.00   2.2121e-01
444.00   2.2121e-01
445.00   2.2120e-01
446.00   2.2119e-01
447.00   2.2119e-01
448.00   2.2118e-01
449.00   2.2118e-01
450.00   2.2117e-01
451.00   2.2116e-01
452.00   2.2116e-01
453.00   2.2115e-01
454.00   2.2115e-01
455.00   2.2114e-01
456.00   2.2113e-01
457.00   2.2113e-01
458.00   2.2112e-01
459.00   2.2112e-01
460.00   2.2111e-01
461.00   2.2110e-01
462.00   2.2110e-01
463.00   2.2109e-01
464.00   2.2109e-01
465.00   2.2108e-01
466.00   2.2107e-01
467.00   2.2107e-01
468.00   2.2106e-01
469.00   2.2106e-01
470.00   2.2105e-01
471.00   2.2104e-01
472.00   2.2104e-01
473.00   2.2103e-01
474.00   2.2103e-01
475.00   2.2102e-01
476.00   2.2101e-01
477.00   2.2101e-01
478.00   2.2100e-01
479.00   2.2100e-01
480.00   2.2099e-01
481.00   2.2098e-01
482.00   2.2098e-01
483.00   2.2097e-01
484.00   2.2097e-01
485.00   2.2096e-01
486.00   2.2095e-01
487.00   2.2095e-01
488.00   2.2094e-01
489.00   2.2094e-01
490.00   2.2093e-01
491.00   2.2092e-01
492.00   2.2092e-01
493.00   2.2091e-01
494.00   2.2091e-01
495.00   2.2090e-01
496.00   2.2089e-01
497.00   2.2089e-01
498.00   2.2088e-01
499.00   2.2088e-01
500.00   2.2087e-01
501.00   2.2086e-01
502.00   2.2086e-01
503.00   2.2085e-01
504.00   2.2085e-01
505.00   2.2084e-01
506.00   2.2083e-01
507.00   2.2083e-01
508.00   2.2082e-01
509.00   2.2082e-01
510.00   2.2081e-01
511.00   2.2080e-01
512.00   2.2080e-01
513.00   2.2079e-01
514.00   2.2079e-01
515.00   2.2078e-01
516.00   2.2077e-01
517.00   2.2077e-01
518.00   2.2076e-01
519.00   2.2076e-01
520.00   2.2075e-01
521.00   2.2074e-01
522.00   2.2074e-01
523.00   2.2073e-01
524.00   2.2073e-01
525.00   2.2072e-01
526.00   2.2071e-01
527.00   2.2071e-01
528.00   2.2070e-01
529.00   2.2070e-01
530.00   2.2069e-01
531.00   2.2068e-01
532.00   2.2068e-01
533.00   2.2067e-01
534.00   2.2067e-01
535.00   2.2066e-01
536.00   2.2065e-01
537.00   2.2065e-01
538.00   2.2064e-01
539.00   2.2064e-01
540.00   2.2063e-01
541.00   2.2062e-01
542.00   2.2062e-01
543.00   2.2061e-01
544.00   2.2061e-01
545.00   2.2060e-01
546.00   2.2059e-01
547.00   2.2059e-01
548.00   2.2058e-01
549.00   2.2058e-01
550.00   2.2057e-01
551.00   2.2056e-01
552.00   2.2056e-01
553.00   2.2055e-01
554.00   2.2055e-01
555.00   2.2054e-01
556.00   2.2053e-01
557.00   2.2053e-01
558.00   2.2052e-01
559.00   2.2052e-01
560.00   2.2051e-01
561.00   2.2050e-01
562.00   2.2050e-01
563.00   2.2049e-01
564.00   2.2049e-01
565.00   2.2048e-01
566.00   2.2047e-01
567.00   2.2047e-01
568.00   2.2046e-01
569.00   2.2046e-01
570.00   2.2045e-01
571.00   2.2044e-01
572.00   2.2044e-01
573.00   2.2043e-01
574.00   2.2042e-01
575.00   2.2042e-01
576.00   2.2041e-01
577.00   2.2041e-01
578.00   2.2040e-01
579.00   2.2039e-01
580.00   2.2039e-01
581.00   2.2038e-01
582.00   2.2038e-01
583.00   2.2037e-01
584.00   2.2036e-01
585.00   2.2036e-01
586.00   2.2035e-01
587.00   2.2035e-01
588.00   2.2034e-01
589.00   2.2033e-01
590.00   2.2033e-01
591.00   2.2032e-01
592.00   2.2032e-01
593.00   2.2031e-01
594.00   2.2030e-01
595.00   2.2030e-01
596.00   2.2029e-01
597.00   2.2029e-01
598.00   2.2028e-01
599.00   2.2027e-01
600.00   2.2027e-01
601.00   2.2026e-01
602.00   2.2026e-01
603.00   2.2025e-01
604.00   2.2024e-01
605.00   2.2024e-01
606.00   2.2023e-01
607.00   2.2023e-01
608.00   2.2022e-01
609.00   2.2021e-01
610.00   2.2021e-01
611.00   2.2020e-01
612.00   2.2020e-01
613.00   2.2019e-01
614.00   2.2018e-01
615.00   2.2018e-01
616.00   2.2017e-01
617.00   2.2017e-01
618.00   2.2016e-01
619.00   2.2015e-01
620.00   2.2015e-01
621.00   2.2014e-01
622.00   2.2014e-01
623.00   2.2013e-01
624.00   2.2012e-01
625.00   2.2012e-01
626.00   2.2011e-01
627.00   2.2011e-01
628.00   2.2010e-01
629.00   2.2009e-01
630.00   2.2009e-01
631.00   2.2008e-01
632.00   2.2008e-01
633.00   2.2007e-01
634.00   2.2006e-01
635.00   2.2006e-01
636.00   2.2005e-01
637.00   2.2005e-01
638.00   2.2004e-01
639.00   2.2003e-01
640.00   2.2003e-01
641.00   2.2002e-01
642.00   2.2002e-01
643.00   2.2001e-01
644.00   2.2000e-01
645.00   2.2000e-01
646.00   2.1999e-01
647.00   2.1999e-01
648.00   2.1998e-01
649.00   2.1997e-01
650.00   2.1997e-01
651.00   2.1996e-01
652.00   2.1996e-01
653.00   2.1995e-01
654.00   2.1994e-01
655.00   2.1994e-01
656.00   2.1993e-01
657.00   2.1993e-01
658.00   2.1992e-01
659.00   2.1991e-01
660.00   2.1991e-01
661.00   2.1990e-01
662.00   2.1990e-01
663.00   2.1989e-01
664.00   2.1988e-01
665.00   2.1988e-01
666.00   2.1987e-01
667.00   2.1987e-01
668.00   2.1986e-01
669.00   2.1985e-01
670.00   2.1985e-01
671.00   2.1984e-01
672.00   2.1984e-01
673.00   2.1983e-01
674.00   2.1982e-01
675.00   2.1982e-01
676.00   2.1981e-01
677.00   2.1981e-01
678.00   2.1980e-01
679.00   2.1979e-01
680.00   2.1979e-01
681.00   2.1978e-01
682.00   2.1978e-01
683.00   2.1977e-01
684.00   2.1976e-01
685.00   2.1976e-01
686.00   2.1975e-01
687.00   2.1975e-01
688.00   2.1974e-01
689.00   2.1973e-01
690.00   2.1973e-01
691.00   2.1972e-01
692.00   2.1972e-01
693.00   2.1971e-01
694.00   2.1970e-01
695.00   2.1970e-01
696.00   2.1969e-01
697.00   2.1969e-01
698.00   2.1968e-01
699.00   2.1967e-01
700.00   2.1967e-01
701.00   2.1966e-01
702.00   2.1966e-01
703.00   2.1965e-01
704.00   2.1964e-01
705.00   2.1964e-01
706.00   2.1963e-01
707.00   2.1963e-01
708.00   2.1962e-01
709.00   2.1961e-01
710.00   2.1961e-01
711.00   2.1960e-01
712.00   2.1960e-01
713.00   2.1959e-01
714.00   2.1958e-01
715.00   2.1958e-01
716.00   2.1957e-01
717.00   2.1957e-01
718.00   2.1956e-01
719.00   2.1955e-01
720.00   2.1955e-01
721.00   2.1954e-01
722.00   2.1954e-01
723.00   2.1953e-01
724.00   2.1952e-01
725.00   2.1952e-01
726.00   2.1951e-01
727.00   2.1951e-01
728.00   2.1950e-01
729.00   2.1949e-01
730.00   2.1949e-01
731.00   2.1948e-01
732.00   2.1947e-01
733.00   2.1947e-01
734.00   2.1946e-01
735.00   2.1946e-01
736.00   2.1945e-01
737.00   2.1944e-01
738.00   2.1944e-01
739.00   2.1943e-01
740.00   2.1943e-01
741.00   2.1942e-01
742.00   2.1941e-01
743.00   2.1941e-01
744.00   2.1940e-01
745.00   2.1940e-01
746.00   2.1939e-01
747.00   2.1938e-01
748.00   2.1938e-01
749.00   2.1937e-01
750.00   2.1937e-01
751.00   2.1936e-01
752.00   2.1935e-01
753.00   2.1935e-01
754.00   2.1934e-01
755.00   2.1934e-01
756.00   2.1933e-01
757.00   2.1932e-01
758.00   2.1932e-01
759.00   2.1931e-01
760.00   2.1931e-01
761.00   2.1930e-01
762.00   2.1929e-01
763.00   2.1929e-01
764.00   2.1928e-01
765.00   2.1928e-01
766.00   2.1927e-01
767.00   2.1926e-01
768.00   2.1926e-01
769.00   2.1925e-01
770.00   2.1925e-01
771.00   2.1924e-01
772.00   2.1923e-01
773.00   2.1923e-01
774.00   2.1922e-01
775.00   2.1922e-01
776.00   2.1921e-01
777.00   2.1920e-01
778.00   2.1920e-01
779.00   2.1919e-01
780.00   2.1919e-01
781.00   2.1918e-01
782.00   2.1917e-01
783.00   2.1917e-01
784.00   2.1916e-01
785.00   2.1916e-01
786.00   2.1915e-01
787.00   2.1914e-01
788.00   2.1914e-01
789.00   2.1913e-01
790.00   2.1913e-01
791.00   2.1912e-01
792.00   2.1911e-01
793.00   2.1911e-01
794.00   2.1910e-01
795.00   2.1910e-01
796.00   2.1909e-01
797.00   2.1908e-01
798.00   2.1908e-01
799.00   2.1907e-01
800.00   2.1907e-01
801.00   2.1906e-01
802.00   2.1905e-01
803.00   2.1905e-01
804.00   2.1904e-01
805.00   2.1904e-01
806.00   2.1903e-01
807.00   2.1902e-01
808.00   2.1902e-01
809.00   2.1901e-01
810.00   2.1901e-01
811.00   2.1900e-01
812.00   2.1899e-01
813.00   2.1899e-01
814.00   2.1898e-01
815.00   2.1898e-01
816.00   2.1897e-01
817.00   2.1896e-01
818.00   2.1896e-01
819.00   2.1895e-01
820.00   2.1895e-01
821.00   2.1894e-01
822.00   2.1893e-01
823.00   2.1893e-01
824.00   2.1892e-01
825.00   2.1892e-01
826.00   2.1891e-01
827.00   2.1890e-01
828.00   2.1890e-01
829.00   2.1889e-01
830.00   2.1889e-01
831.00   2.1888e-01
832.00   2.1887e-01
833.00   2.1887e-01
834.00   2.1886e-01
835.00   2.1886e-01
836.00   2.1885e-01
837.00   2.1884e-01
838.00   2.1884e-01
839.00   2.1883e-01
840.00   2.1883e-01
841.00   2.1882e-01
842.00   2.1881e-01
843.00   2.1881e-01
844.00   2.1880e-01
845.00   2.1880e-01
846.00   2.1879e-01
847.00   2.1878e-01
848.00   2.1878e-01
849.00   2.1877e-01
850.00   2.1877e-01
851.00   2.1876e-01
852.00   2.1875e-01
853.00   2.1875e-01
854.00   2.1874e-01
855.00   2.1874e-01
856.00   2.1873e-01
857.00   2.1872e-01
858.00   2.1872e-01
859.00   2.1871e-01
860.00   2.1871e-01
861.00   2.1870e-01
862.00   2.1869e-01
863.00   2.1869e-01
864.00   2.1868e-01
865.00   2.1868e-01
866.00   2.1867e-01
867.00   2.1866e-01
868.00   2.1866e-01
869.00   2.1865e-01
870.00   2.1865e-01
871.00   2.1864e-01
872.00   2.1863e-01
873.00   2.1863e-01
874.00   2.1862e-01
875.00   2.1862e-01
876.00   2.1861e-01
877.00   2.1860e-01
878.00   2.1860e-01
879.00   2.1859e-01
880.00   2.1859e-01
881.00   2.1858e-01
882.00   2.1857e-01
883.00   2.1857e-01
884.00   2.1856e-01
885.00   2.1856e-01
886.00   2.1855e-01
887.00   2.1854e-01
888.00   2.1854e-01
889.00   2.1853e-01
890.00   2.1852e-01
891.00   2.1852e-01
892.00   2.1851e-01
893.00   2.1851e-01
894.00   2.1850e-01
895.00   2.1849e-01
896.00   2.1849e-01
897.00   2.1848e-01
898.00   2.1848e-01
899.00   2.1847e-01
900.00   2.1846e-01
901.00   2.1846e-01
902.00   2.1845e-01
903.00   2.1845e-01
904.00   2.1844e-01
905.00   2.1843e-01
906.00   2.1843e-01
907.00   2.1842e-01
908.00   2.1842e-01
909.00   2.1841e-01
910.00   2.1840e-01
911.00   2.1840e-01
912.00   2.1839e-01
913.00   2.1839e-01
914.00   2.1838e-01
915.00   2.1837e-01
916.00   2.1837e-01
917.00   2.1836e-01
918.00   2.1836e-01
919.00   2.1835e-01
920.00   2.1834e-01
921.00   2.1834e-01
922.00   2.1833e-01
923.00   2.1833e-01