73.00   1.8137e-01
74.00   1.8136e-01
75.00   1.8136e-01
76.00   1.8135e-01
77.00   1.8134e-01
78.00   1.8133e-01
79.00   1.8132e-01
80.00   1.8131e-01
81.00   1.8131e-01
82.00   1.8130e-01
83.00   1.8129e-01
84.00   1.8128e-01
85.00   1.8127e-01
86.00   1.8126e-01
87.00   1.8126e-01
88.00   1.8125e-01
89.00   1.8124e-01
90.00   1.8123e-01
91.00   1.8122e-01
92.00   1.8121e-01
93.00   1.8121e-01
94.00   1.8120e-01
95.00   1.8119e-01
96.00   1.8118e-01
97.00   1.8117e-01
98.00   1.8116e-01
99.00   1.8116e-01
100.00   1.8115e-01
101.00   1.8114e-01
102.00   1.8113e-01
103.00   1.8112e-01
104.00   1.8111e-01
105.00   1.8111e-01
106.00   1.8110e-01
107.00   1.8109e-01
108.00   1.8108e-01
109.00   1.8107e-01
110.00   1.8106e-01
111.00   1.8106e-01
112.00   1.8105e-01
113.00   1.8104e-01
114.00   1.8103e-01
115.00   1.8102e-01
116.00   1.8101e-01
117.00   1.8101e-01
118.00   1.8100e-01
119.00   1.8099e-01
120.00   1.8098e-01
121.00   1.8097e-01
122.00   1.8096e-01
123.00   1.8096e-01
124.00   1.8095e-01
125.00   1.8094e-01
126.00   1.8093e-01
127.00   1.8092e-01
128.00   1.8091e-01
129.00   1.8091e-01
130.00   1.8090e-01
131.00   1.8089e-01
132.00   1.8088e-01
133.00   1.8087e-01
134.00   1.8086e-01
135.00   1.8086e-01
136.00   1.8085e-01
137.00   1.8084e-01
138.00   1.8083e-01
139.00   1.8082e-01
140.00   1.8081e-01
141.00   1.8081e-01
142.00   1.8080e-01
143.00   1.8079e-01
144.00   1.8078e-01
145.00   1.8077e-01
146.00   1.8076e-01
147.00   1.8076e-01
148.00   1.8075e-01
149.00   1.8074e-01
150.00   1.8073e-01
151.00   1.8072e-01
152.00   1.8071e-01
153.00   1.8071e-01
154.00   1.8070e-01
155.00   1.8069e-01
156.00   1.8068e-01
157.00   1.8067e-01
158.00   1.8066e-01
159.00   1.8066e-01
160.00   1.8065e-01
161.00   1.8064e-01
162.00   1.8063e-01
163.00   1.8062e-01
164.00   1.8061e-01
165.00   1.8061e-01
166.00   1.8060e-01
167.00   1.8059e-01
168.00   1.8058e-01
169.00   1.8057e-01
170.00   1.8056e-01
171.00   1.8056e-01
172.00   1.8055e-01
173.00   1.8054e-01
174.00   1.8053e-01
175.00   1.8052e-01
176.00   1.8051e-01
177.00   1.8051e-01
178.00   1.8050e-01
179.00   1.8049e-01
180.00   1.8048e-01
181.00   1.8047e-01
182.00   1.8046e-01
183.00   1.8046e-01
184.00   1.8045e-01
185.00   1.8044e-01
186.00   1.8043e-01
187.00   1.8042e-01
188.00   1.8041e-01
189.00   1.8041e-01
190.00   1.8040e-01
191.00   1.8039e-01
192.00   1.8038e-01
193.00   1.8037e-01
194.00   1.8036e-01
195.00   1.8036e-01
196.00   1.8035e-01
197.00   1.8034e-01
198.00   1.8033e-01
199.00   1.8032e-01
200.00   1.8031e-01
201.00   1.8031e-01
202.00   1.8030e-01
203.00   1.8029e-01
204.00   1.8028e-01
205.00   1.8027e-01
206.00   1.8026e-01
207.00   1.8026e-01
208.00   1.8025e-01
209.00   1.8024e-01
210.00   1.8023e-01
211.00   1.8022e-01
212.00   1.8021e-01
213.00   1.8021e-01
214.00   1.8020e-01
215.00   1.8019e-01
216.00   1.8018e-01
217.00   1.8017e-01
218.00   1.8016e-01
219.00   1.8016e-01
220.00   1.8015e-01
221.00   1.8014e-01
222.00   1.8013e-01
223.00   1.8012e-01
224.00   1.8011e-01
225.00   1.8011e-01
226.00   1.8010e-01
227.00   1.8009e-01
228.00   1.8008e-01
229.00   1.8007e-01
230.00   1.8006e-01
231.00   1.8006e-01
232.00   1.8005e-01
233.00   1.8004e-01
234.00   1.8003e-01
235.00   1.8002e-01
236.00   1.8001e-01
237.00   1.8001e-01
238.00   1.8000e-01
239.00   1.7999e-01
240.00   1.7998e-01
241.00   1.7997e-01
242.00   1.7996e-01
243.00   1.7996e-01
244.00   1.7995e-01
245.00   1.7994e-01
246.00   1.7993e-01
247.00   1.7992e-01
248.00   1.7991e-01
249.00   1.7991e-01
250.00   1.7990e-01
251.00   1.7989e-01
252.00   1.7988e-01
253.00   1.7987e-01
254.00   1.7986e-01
255.00   1.7986e-01
256.00   1.7985e-01
257.00   1.7984e-01
258.00   1.7983e-01
259.00   1.7982e-01
260.00   1.7981e-01
261.00   1.7981e-01
262.00   1.7980e-01
263.00   1.7979e-01
264.00   1.7978e-01
265.00   1.7977e-01
266.00   1.7976e-01
267.00   1.7976e-01
268.00   1.7975e-01
269.00   1.7974e-01
270.00   1.7973e-01
271.00   1.7972e-01
272.00   1.7971e-01
273.00   1.7970e-01
274.00   1.7970e-01
275.00   1.7969e-01
276.00   1.7968e-01
277.00   1.7967e-01
278.00   1.7966e-01
279.00   1.7965e-01
280.00   1.7965e-01
281.00   1.7964e-01
282.00   1.7963e-01
283.00   1.7962e-01
284.00   1.7961e-01
285.00   1.7960e-01
286.00   1.7960e-01
287.00   1.7959e-01
288.00   1.7958e-01
289.00   1.7957e-01
290.00   1.7956e-01
291.00   1.7955e-01
292.00   1.7955e-01
293.00   1.7954e-01
294.00   1.7953e-01
295.00   1.7952e-01
296.00   1.7951e-01
297.00   1.7950e-01
298.00   1.7950e-01
299.00   1.7949e-01
300.00   1.7948e-01
301.00   1.7947e-01
302.00   1.7946e-01
303.00   1.7945e-01
304.00   1.7945e-01
305.00   1.7944e-01
306.00   1.7943e-01
307.00   1.7942e-01
308.00   1.7941e-01
309.00   1.7940e-01
310.00   1.7940e-01
311.00   1.7939e-01
312.00   1.7938e-01
313.00   1.7937e-01
314.00   1.7936e-01
315.00   1.7935e-01
316.00   1.7935e-01
317.00   1.7934e-01
318.00   1.7933e-01
319.00   1.7932e-01
320.00   1.7931e-01
321.00   1.7930e-01
322.00   1.7930e-01
323.00   1.7929e-01
324.00   1.7928e-01
325.00   1.7927e-01
326.00   1.7926e-01
327.00   1.7925e-01
328.00   1.7925e-01
329.00   1.7924e-01
330.00   1.7923e-01
331.00   1.7922e-01
332.00   1.7921e-01
333.00   1.7920e-01
334.00   1.7920e-01
335.00   1.7919e-01
336.00   1.7918e-01
337.00   1.7917e-01
338.00   1.7916e-01
339.00   1.7915e-01
340.00   1.7915e-01
341.00   1.7914e-01
342.00   1.7913e-01
343.00   1.7912e-01
344.00   1.7911e-01
345.00   1.7910e-01
346.00   1.7910e-01
347.00   1.7909e-01
348.00   1.7908e-01
349.00   1.7907e-01
350.00   1.7906e-01
351.00   1.7905e-01
352.00   1.7905e-01
353.00   1.7904e-01
354.00   1.7903e-01
355.00   1.7902e-01
356.00   1.7901e-01
357.00   1.7900e-01
358.00   1.7900e-01
359.00   1.7899e-01
360.00   1.7898e-01
361.00   1.7897e-01
362.00   1.7896e-01
363.00   1.7895e-01
364.00   1.7895e-01
365.00   1.7894e-01
366.00   1.7893e-01
367.00   1.7892e-01
368.00   1.7891e-01
369.00   1.7890e-01
370.00   1.7890e-01
371.00   1.7889e-01
372.00   1.7888e-01
373.00   1.7887e-01
374.00   1.7886e-01
375.00   1.7885e-01
376.00   1.7885e-01
377.00   1.7884e-01
378.00   1.7883e-01
379.00   1.7882e-01
380.00   1.7881e-01
381.00   1.7880e-01
382.00   1.7880e-01
383.00   1.7879e-01
384.00   1.7878e-01
385.00   1.7877e-01
386.00   1.7876e-01
387.00   1.7875e-01
388.00   1.7875e-01
389.00   1.7874e-01
390.00   1.7873e-01
391.00   1.7872e-01
392.00   1.7871e-01
393.00   1.7870e-01
394.00   1.7870e-01
395.00   1.7869e-01
396.00   1.7868e-01
397.00   1.7867e-01
398.00   1.7866e-01
399.00   1.7865e-01
400.00   1.7865e-01
401.00   1.7864e-01
402.00   1.7863e-01
403.00   1.7862e-01
404.00   1.7861e-01
405.00   1.7860e-01
406.00   1.7860e-01
407.00   1.7859e-01
408.00   1.7858e-01
409.00   1.7857e-01
410.00   1.7856e-01
411.00   1.7855e-01
412.00   1.7855e-01
413.00   1.7854e-01
414.00   1.7853e-01
415.00   1.7852e-01
416.00   1.7851e-01
417.00   1.7850e-01
418.00   1.7850e-01
419.00   1.7849e-01
420.00   1.7848e-01
421.00   1.7847e-01
422.00   1.7846e-01
423.00   1.7845e-01
424.00   1.7845e-01
425.00   1.7844e-01
426.00   1.7843e-01
427.00   1.7842e-01
428.00   1.7841e-01
429.00   1.7840e-01
430.00   1.7840e-01
431.00   1.7839e-01
432.00   1.7838e-01
433.00   1.7837e-01
434.00   1.7836e-01
435.00   1.7835e-01
436.00   1.7835e-01
437.00   1.7834e-01
438.00   1.7833e-01
439.00   1.7832e-01
440.00   1.7831e-01
441.00   1.7830e-01
442.00   1.7830e-01
443.00   1.7829e-01
444.00   1.7828e-01
445.00   1.7827e-01
446.00   1.7826e-01
447.00   1.7825e-01
448.00   1.7825e-01
449.00   1.7824e-01
450.00   1.7823e-01
451.00   1.7822e-01
452.00   1.7821e-01
453.00   1.7820e-01
454.00   1.7820e-01
455.00   1.7819e-01
456.00   1.7818e-01
457.00   1.7817e-01
458.00   1.7816e-01
459.00   1.7815e-01
460.00   1.7815e-01
461.00   1.7814e-01
462.00   1.7813e-01
463.00   1.7812e-01
464.00   1.7811e-01
465.00   1.7810e-01
466.00   1.7810e-01
467.00   1.7809e-01
468.00   1.7808e-01
469.00   1.7807e-01
470.00   1.7806e-01
471.00   1.7805e-01
472.00   1.7805e-01
473.00   1.7804e-01
474.00   1.7803e-01
475.00   1.7802e-01
476.00   1.7801e-01
477.00   1.7800e-01
478.00   1.7800e-01
479.00   1.7799e-01
480.00   1.7798e-01
481.00   1.7797e-01
482.00   1.7796e-01
483.00   1.7795e-01
484.00   1.7794e-01
485.00   1.7794e-01
486.00   1.7793e-01
487.00   1.7792e-01
488.00   1.7791e-01
489.00   1.7790e-01
490.00   1.7789e-01
491.00   1.7789e-01
492.00   1.7788e-01
493.00   1.7787e-01
494.00   1.7786e-01
495.00   1.7785e-01
496.00   1.7784e-01
497.00   1.7784e-01
498.00   1.7783e-01
499.00   1.7782e-01
500.00   1.7781e-01
501.00   1.7780e-01
502.00   1.7779e-01
503.00   1.7779e-01
504.00   1.7778e-01
505.00   1.7777e-01
506.00   1.7776e-01
507.00   1.7775e-01
508.00   1.7774e-01
509.00   1.7774e-01
510.00   1.7773e-01
511.00   1.7772e-01
512.00   1.7771e-01
513.00   1.7770e-01
514.00   1.7769e-01
515.00   1.7769e-01
516.00   1.7768e-01
517.00   1.7767e-01
518.00   1.7766e-01
519.00   1.7765e-01
520.00   1.7764e-01
521.00   1.7764e-01
522.00   1.7763e-01
523.00   1.7762e-01
524.00   1.7761e-01
525.00   1.7760e-01
526.00   1.7759e-01
527.00   1.7759e-01
528.00   1.7758e-01
529.00   1.7757e-01
530.00   1.7756e-01
531.00   1.7755e-01
532.00   1.7754e-01
533.00   1.7754e-01
534.00   1.7753e-01
535.00   1.7752e-01
536.00   1.7751e-01
537.00   1.7750e-01
538.00   1.7749e-01
539.00   1.7749e-01
540.00   1.7748e-01
541.00   1.7747e-01
542.00   1.7746e-01
543.00   1.7745e-01
544.00   1.7744e-01
545.00   1.7744e-01
546.00   1.7743e-01
547.00   1.7742e-01
548.00   1.7741e-01
549.00   1.7740e-01
550.00   1.7739e-01
551.00   1.7739e-01
552.00   1.7738e-01
553.00   1.7737e-01
554.00   1.7736e-01
555.00   1.7735e-01
556.00   1.7734e-01
557.00   1.7734e-01
558.00   1.7733e-01
559.00   1.7732e-01
560.00   1.7731e-01
561.00   1.7730e-01
562.00   1.7729e-01
563.00   1.7729e-01
564.00   1.7728e-01
565.00   1.7727e-01
566.00   1.7726e-01
567.00   1.7725e-01
568.00   1.7724e-01
569.00   1.7724e-01
570.00   1.7723e-01
571.00   1.7722e-01
572.00   1.7721e-01
573.00   1.7720e-01
574.00   1.7719e-01
575.00   1.7719e-01
576.00   1.7718e-01
577.00   1.7717e-01
578.00   1.7716e-01
579.00   1.7715e-01
580.00   1.7714e-01
581.00   1.7714e-01
582.00   1.7713e-01
583.00   1.7712e-01
584.00   1.7711e-01
585.00   1.7710e-01
586.00   1.7709e-01
587.00   1.7709e-01
588.00   1.7708e-01
589.00   1.7707e-01
590.00   1.7706e-01
591.00   1.7705e-01
592.00   1.7704e-01
593.00   1.7704e-01
594.00   1.7703e-01
595.00   1.7702e-01
596.00   1.7701e-01
597.00   1.7700e-01
598.00   1.7699e-01
599.00   1.7699e-01
600.00   1.7698e-01
601.00   1.7697e-01
602.00   1.7696e-01
603.00   1.7695e-01
604.00   1.7694e-01
605.00   1.7694e-01
606.00   1.7693e-01
607.00   1.7692e-01
608.00   1.7691e-01
609.00   1.7690e-01
610.00   1.7689e-01
611.00   1.7689e-01
612.00   1.7688e-01
613.00   1.7687e-01
614.00   1.7686e-01
615.00   1.7685e-01
616.00   1.7684e-01
617.00   1.7684e-01
618.00   1.7683e-01
619.00   1.7682e-01
620.00   1.7681e-01
621.00   1.7680e-01
622.00   1.7679e-01
623.00   1.7679e-01
624.00   1.7678e-01
625.00   1.7677e-01
626.00   1.7676e-01
627.00   1.7675e-01
628.00   1.7674e-01
629.00   1.7674e-01
630.00   1.7673e-01
631.00   1.7672e-01
632.00   1.7671e-01
633.00   1.7670e-01
634.00   1.7669e-01
635.00   1.7669e-01
636.00   1.7668e-01
637.00   1.7667e-01
638.00   1.7666e-01
639.00   1.7665e-01
640.00   1.7664e-01
641.00   1.7664e-01
642.00   1.7663e-01
643.00   1.7662e-01
644.00   1.7661e-01
645.00   1.7660e-01
646.00   1.7659e-01
647.00   1.7659e-01
648.00   1.7658e-01
649.00   1.7657e-01
650.00   1.7656e-01
651.00   1.7655e-01
652.00   1.7654e-01
653.00   1.7654e-01
654.00   1.7653e-01
655.00   1.7652e-01
656.00   1.7651e-01
657.00   1.7650e-01
658.00   1.7649e-01
659.00   1.7649e-01
660.00   1.7648e-01
661.00   1.7647e-01
662.00   1.7646e-01
663.00   1.7645e-01
664.00   1.7644e-01
665.00   1.7644e-01
666.00   1.7643e-01
667.00   1.7642e-01
668.00   1.7641e-01
669.00   1.7640e-01
670.00   1.7639e-01
671.00   1.7639e-01
672.00   1.7638e-01
673.00   1.7637e-01
674.00   1.7636e-01
675.00   1.7635e-01
676.00   1.7634e-01
677.00   1.7634e-01
678.00   1.7633e-01
679.00   1.7632e-01
680.00   1.7631e-01
681.00   1.7630e-01
682.00   1.7629e-01
683.00   1.7629e-01
684.00   1.7628e-01
685.00   1.7627e-01
686.00   1.7626e-01
687.00   1.7625e-01
688.00   1.7624e-01
689.00   1.7624e-01
690.00   1.7623e-01
691.00   1.7622e-01
692.00   1.7621e-01
693.00   1.7620e-01
694.00   1.7619e-01
695.00   1.7618e-01
696.00   1.7618e-01
697.00   1.7617e-01
698.00   1.7616e-01
699.00   1.7615e-01
700.00   1.7614e-01
701.00   1.7613e-01
702.00   1.7613e-01
703.00   1.7612e-01
704.00   1.7611e-01
705.00   1.7610e-01
706.00   1.7609e-01
707.00   1.7608e-01
708.00   1.7608e-01
709.00   1.7607e-01
710.00   1.7606e-01
711.00   1.7605e-01
712.00   1.7604e-01
713.00   1.7603e-01
714.00   1.7603e-01
715.00   1.7602e-01
716.00   1.7601e-01
717.00   1.7600e-01
718.00   1.7599e-01
719.00   1.7598e-01
720.00   1.7598e-01
721.00   1.7597e-01
722.00   1.7596e-01
723.00   1.7595e-01
724.00   1.7594e-01
725.00   1.7593e-01
726.00   1.7593e-01
727.00   1.7592e-01
728.00   1.7591e-01
729.00   1.7590e-01
730.00   1.7589e-01
731.00   1.7588e-01
732.00   1.7588e-01
733.00   1.7587e-01
734.00   1.7586e-01
735.00   1.7585e-01
736.00   1.7584e-01
737.00   1.7583e-01
738.00   1.7583e-01
739.00   1.7582e-01
740.00   1.7581e-01
741.00   1.7580e-01
742.00   1.7579e-01
743.00   1.7578e-01
744.00   1.7578e-01
745.00   1.7577e-01
746.00   1.7576e-01
747.00   1.7575e-01
748.00   1.7574e-01
749.00   1.7573e-01
750.00   1.7573e-01
751.00   1.7572e-01
752.00   1.7571e-01
753.00   1.7570e-01
754.00   1.7569e-01
755.00   1.7568e-01
756.00   1.7568e-01
757.00   1.7567e-01
758.00   1.7566e-01
759.00   1.7565e-01
760.00   1.7564e-01
761.00   1.7563e-01
762.00   1.7563e-01
763.00   1.7562e-01
764.00   1.7561e-01
765.00   1.7560e-01
766.00   1.7559e-01
767.00   1.7558e-01
768.00   1.7558e-01
769.00   1.7557e-01
770.00   1.7556e-01
771.00   1.7555e-01
772.00   1.7554e-01
773.00   1.7553e-01
774.00   1.7553e-01
775.00   1.7552e-01
776.00   1.7551e-01
777.00   1.7550e-01
778.00   1.7549e-01
779.00   1.7548e-01
780.00   1.7548e-01
781.00   1.7547e-01
782.00   1.7546e-01
783.00   1.7545e-01
784.00   1.7544e-01
785.00   1.7543e-01
786.00   1.7543e-01
787.00   1.7542e-01
788.00   1.7541e-01
789.00   1.7540e-01
790.00   1.7539e-01
791.00   1.7538e-01
792.00   1.7538e-01
793.00   1.7537e-01
794.00   1.7536e-01
795.00   1.7535e-01
796.00   1.7534e-01
797.00   1.7533e-01
798.00   1.7533e-01
799.00   1.7532e-01
800.00   1.7531e-01
801.00   1.7530e-01
802.00   1.7529e-01
803.00   1.7528e-01
804.00   1.7528e-01
805.00   1.7527e-01
806.00   1.7526e-01
807.00   1.7525e-01
808.00   1.7524e-01
809.00   1.7523e-01
810.00   1.7523e-01
811.00   1.7522e-01
812.00   1.7521e-01
813.00   1.7520e-01
814.00   1.7519e-01
815.00   1.7518e-01
816.00   1.7518e-01
817.00   1.7517e-01
818.00   1.7516e-01
819.00   1.7515e-01
820.00   1.7514e-01
821.00   1.7513e-01
822.00   1.7513e-01
823.00   1.7512e-01
824.00   1.7511e-01
825.00   1.7510e-01
826.00   1.7509e-01
827.00   1.7508e-01
828.00   1.7508e-01
829.00   1.7507e-01
830.00   1.7506e-01
831.00   1.7505e-01
832.00   1.7504e-01
833.00   1.7503e-01
834.00   1.7503e-01
835.00   1.7502e-01
836.00   1.7501e-01
837.00   1.7500e-01
838.00   1.7499e-01
839.00   1.7498e-01
840.00   1.7498e-01
841.00   1.7497e-01
842.00   1.7496e-01
843.00   1.7495e-01
844.00   1.7494e-01
845.00   1.7493e-01
846.00   1.7493e-01
847.00   1.7492e-01
848.00   1.7491e-01
849.00   1.7490e-01
850.00   1.7489e-01
851.00   1.7488e-01
852.00   1.7488e-01
853.00   1.7487e-01
854.00   1.7486e-01
855.00   1.7485e-01
856.00   1.7484e-01
857.00   1.7483e-01
858.00   1.7483e-01
859.00   1.7482e-01
860.00   1.7481e-01
861.00   1.7480e-01
862.00   1.7479e-01
863.00   1.7478e-01
864.00   1.7478e-01
865.00   1.7477e-01
866.00   1.7476e-01
867.00   1.7475e-01
868.00   1.7474e-01
869.00   1.7473e-01
870.00   1.7473e-01
871.00   1.7472e-01
872.00   1.7471e-01
873.00   1.7470e-01
874.00   1.7469e-01
875.00   1.7468e-01
876.00   1.7468e-01
877.00   1.7467e-01
878.00   1.7466e-01
879.00   1.7465e-01
880.00   1.7464e-01
881.00   1.7463e-01
882.00   1.7463e-01
883.00   1.7462e-01
884.00   1.7461e-01
885.00   1.7460e-01
886.00   1.7459e-01
887.00   1.7458e-01
888.00   1.7458e-01
889.00   1.7457e-01
890.00   1.7456e-01
891.00   1.7455e-01
892.00   1.7454e-01
893.00   1.7453e-01
894.00   1.7453e-01
895.00   1.7452e-01
896.00   1.7451e-01
897.00   1.7450e-01
898.00   1.7449e-01
899.00   1.7448e-01
900.00   1.7448e-01
901.00   1.7447e-01
902.00   1.7446e-01
903.00   1.7445e-01
904.00   1.7444e-01
905.00   1.7443e-01
906.00   1.7443e-01
907.00   1.7442e-01
908.00   1.7441e-01
909.00   1.7440e-01
910.00   1.7439e-01
911.00   1.7438e-01
912.00   1.7437e-01
913.00   1.7437e-01
914.00   1.7436e-01
915.00   1.7435e-01
916.00   1.7434e-01
917.00   1.7433e-01
918.00   1.7432e-01
919.00   1.7432e-01
920.00   1.7431e-01
921.00   1.7430e-01
922.00   1.7429e-01
923.00   1.7428e-01