1.00   2.7486e-04
2.00   2.2103e-03
3.00   7.4317e-03
4.00   1.7605e-02
5.00   3.4390e-02
6.00   5.9436e-02
7.00   9.4388e-02
8.00   1.4054e-01
9.00   1.9979e-01
10.00   2.7554e-01
11.00   3.7212e-01
12.00   4.9483e-01
13.00   6.4992e-01
14.00   8.4459e-01
15.00   1.0870e+00
16.00   1.3862e+00
17.00   1.7523e+00
18.00   2.1962e+00
19.00   2.7300e+00
20.00   3.3665e+00
21.00   4.1405e+00
22.00   5.0362e+00
23.00   6.0581e+00
24.00   7.2108e+00
25.00   8.4977e+00
26.00   9.9218e+00
27.00   1.1485e+01
28.00   1.3188e+01
29.00   1.5033e+01
30.00   1.7017e+01
31.00   1.9141e+01
32.00   2.1402e+01
33.00   2.3797e+01
34.00   2.6323e+01
35.00   2.8976e+01
36.00   3.1749e+01
37.00   3.4638e+01
38.00   3.7636e+01
39.00   4.0734e+01
40.00   4.3924e+01
41.00   4.7198e+01
42.00   5.0545e+01
43.00   5.3954e+01
44.00   5.7414e+01
45.00   6.0913e+01
46.00   6.4437e+01
47.00   6.7972e+01
48.00   7.1503e+01
49.00   7.5016e+01
50.00   7.8493e+01
51.00   8.2061e+01
52.00   8.5645e+01
53.00   8.9235e+01
54.00   9.2831e+01
55.00   9.6434e+01
56.00   1.0004e+02
57.00   1.0366e+02
58.00   1.0727e+02
59.00   1.1090e+02
60.00   1.1452e+02
61.00   1.1816e+02
62.00   1.2179e+02
63.00   1.2543e+02
64.00   1.2907e+02
65.00   1.3272e+02
66.00   1.3636e+02
67.00   1.4001e+02
68.00   1.4366e+02
69.00   1.4732e+02
70.00   1.5097e+02
71.00   1.5463e+02
72.00   1.5828e+02
73.00   1.6194e+02
74.00   1.6559e+02
75.00   1.6925e+02
76.00   1.7290e+02
77.00   1.7656e+02
78.00   1.8021e+02
79.00   1.8386e+02
80.00   1.8751e+02
81.00   1.9116e+02
82.00   1.9481e+02
83.00   1.9845e+02
84.00   2.0209e+02
85.00   2.0573e+02
86.00   2.0936e+02
87.00   2.1300e+02
88.00   2.1662e+02
89.00   2.2025e+02
90.00   2.2387e+02
91.00   2.2748e+02
92.00   2.3109e+02
93.00   2.3470e+02
94.00   2.3830e+02
95.00   2.4189e+02
96.00   2.4548e+02
97.00   2.4906e+02
98.00   2.5264e+02
99.00   2.5621e+02
100.00   2.5977e+02
101.00   2.6333e+02
102.00   2.6688e+02
103.00   2.7042e+02
104.00   2.7396e+02
105.00   2.7748e+02
106.00   2.8100e+02
107.00   2.8452e+02
108.00   2.8802e+02
109.00   2.9151e+02
110.00   2.9500e+02
111.00   2.9848e+02
112.00   3.0195e+02
113.00   3.0540e+02
114.00   3.0885e+02
115.00   3.1229e+02
116.00   3.1572e+02
117.00   3.1914e+02
118.00   3.2255e+02
119.00   3.2595e+02
120.00   3.2934e+02
121.00   3.3272e+02
122.00   3.3609e+02
123.00   3.3944e+02
124.00   3.4279e+02
125.00   3.4612e+02
126.00   3.4945e+02
127.00   3.5276e+02
128.00   3.5606e+02
129.00   3.5934e+02
130.00   3.6262e+02
131.00   3.6588e+02
132.00   3.6913e+02
133.00   3.7237e+02
134.00   3.7559e+02
135.00   3.7881e+02
136.00   3.8201e+02
137.00   3.8519e+02
138.00   3.8837e+02
139.00   3.9153e+02
140.00   3.9467e+02
141.00   3.9781e+02
142.00   4.0093e+02
143.00   4.0403e+02
144.00   4.0712e+02
145.00   4.1020e+02
146.00   4.1327e+02
147.00   4.1632e+02
148.00   4.1935e+02
149.00   4.2237e+02
150.00   4.2538e+02
151.00   4.2837e+02
152.00   4.3135e+02
153.00   4.3431e+02
154.00   4.3726e+02
155.00   4.4019e+02
156.00   4.4311e+02
157.00   4.4601e+02
158.00   4.4890e+02
159.00   4.5177e+02
160.00   4.5463e+02
161.00   4.5747e+02
162.00   4.6030e+02
163.00   4.6311e+02
164.00   4.6591e+02
165.00   4.6869e+02
166.00   4.7145e+02
167.00   4.7420e+02
168.00   4.7694e+02
169.00   4.7965e+02
170.00   4.8236e+02
171.00   4.8504e+02
172.00   4.8771e+02
173.00   4.9037e+02
174.00   4.9300e+02
175.00   4.9563e+02
176.00   4.9823e+02
177.00   5.0082e+02
178.00   5.0340e+02
179.00   5.0596e+02
180.00   5.0850e+02
181.00   5.1102e+02
182.00   5.1353e+02
183.00   5.1603e+02
184.00   5.1851e+02
185.00   5.2097e+02
186.00   5.2341e+02
187.00   5.2584e+02
188.00   5.2826e+02
189.00   5.3065e+02
190.00   5.3304e+02
191.00   5.3540e+02
192.00   5.3775e+02
193.00   5.4008e+02
194.00   5.4240e+02
195.00   5.4470e+02
196.00   5.4699e+02
197.00   5.4926e+02
198.00   5.5151e+02
199.00   5.5375e+02
200.00   5.5597e+02
201.00   5.5817e+02
202.00   5.6036e+02
203.00   5.6254e+02
204.00   5.6470e+02
205.00   5.6684e+02
206.00   5.6897e+02
207.00   5.7108e+02
208.00   5.7318e+02
209.00   5.7526e+02
210.00   5.7732e+02
211.00   5.7937e+02
212.00   5.8141e+02
213.00   5.8343e+02
214.00   5.8543e+02
215.00   5.8742e+02
216.00   5.8940e+02
217.00   5.9136e+02
218.00   5.9331e+02
219.00   5.9524e+02
220.00   5.9715e+02
221.00   5.9905e+02
222.00   6.0094e+02
223.00   6.0282e+02
224.00   6.0467e+02
225.00   6.0652e+02
226.00   6.0835e+02
227.00   6.1017e+02
228.00   6.1197e+02
229.00   6.1376e+02
230.00   6.1554e+02
231.00   6.1730e+02
232.00   6.1905e+02
233.00   6.2078e+02
234.00   6.2251e+02
235.00   6.2422e+02
236.00   6.2591e+02
237.00   6.2760e+02
238.00   6.2927e+02
239.00   6.3093e+02
240.00   6.3258e+02
241.00   6.3421e+02
242.00   6.3583e+02
243.00   6.3744e+02
244.00   6.3904e+02
245.00   6.4063e+02
246.00   6.4221e+02
247.00   6.4377e+02
248.00   6.4533e+02
249.00   6.4687e+02
250.00   6.4840e+02
251.00   6.4993e+02
252.00   6.5144e+02
253.00   6.5294e+02
254.00   6.5443e+02
255.00   6.5591e+02
256.00   6.5738e+02
257.00   6.5885e+02
258.00   6.6030e+02
259.00   6.6174e+02
260.00   6.6318e+02
261.00   6.6460e+02
262.00   6.6602e+02
263.00   6.6743e+02
264.00   6.6883e+02
265.00   6.7022e+02
266.00   6.7161e+02
267.00   6.7299e+02
268.00   6.7436e+02
269.00   6.7572e+02
270.00   6.7708e+02
271.00   6.7843e+02
272.00   6.7977e+02
273.00   6.8111e+02
274.00   6.8244e+02
275.00   6.8376e+02
276.00   6.8508e+02
277.00   6.8640e+02
278.00   6.8771e+02
279.00   6.8901e+02
280.00   6.9031e+02
281.00   6.9161e+02
282.00   6.9290e+02
283.00   6.9419e+02
284.00   6.9547e+02
285.00   6.9675e+02
286.00   6.9803e+02
287.00   6.9930e+02
288.00   7.0057e+02
289.00   7.0185e+02
290.00   7.0311e+02
291.00   7.0438e+02
292.00   7.0564e+02
293.00   7.0691e+02
294.00   7.0800e+02
295.00   7.0903e+02
296.00   7.1006e+02
297.00   7.1108e+02
298.00   7.1209e+02
299.00   7.1310e+02
300.00   7.1411e+02
301.00   7.1511e+02
302.00   7.1610e+02
303.00   7.1709e+02
304.00   7.1807e+02
305.00   7.1905e+02
306.00   7.2003e+02
307.00   7.2100e+02
308.00   7.2196e+02
309.00   7.2292e+02
310.00   7.2387e+02
311.00   7.2482e+02
312.00   7.2576e+02
313.00   7.2670e+02
314.00   7.2763e+02
315.00   7.2856e+02
316.00   7.2949e+02
317.00   7.3040e+02
318.00   7.3132e+02
319.00   7.3223e+02
320.00   7.3313e+02
321.00   7.3403e+02
322.00   7.3492e+02
323.00   7.3581e+02
324.00   7.3670e+02
325.00   7.3758e+02
326.00   7.3845e+02
327.00   7.3932e+02
328.00   7.4019e+02
329.00   7.4105e+02
330.00   7.4191e+02
331.00   7.4276e+02
332.00   7.4361e+02
333.00   7.4445e+02
334.00   7.4529e+02
335.00   7.4612e+02
336.00   7.4695e+02
337.00   7.4778e+02
338.00   7.4860e+02
339.00   7.4941e+02
340.00   7.5022e+02
341.00   7.5103e+02
342.00   7.5183e+02
343.00   7.5263e+02
344.00   7.5343e+02
345.00   7.5422e+02
346.00   7.5500e+02
347.00   7.5578e+02
348.00   7.5656e+02
349.00   7.5733e+02
350.00   7.5810e+02
351.00   7.5886e+02
352.00   7.5962e+02
353.00   7.6038e+02
354.00   7.6113e+02
355.00   7.6188e+02
356.00   7.6262e+02
357.00   7.6336e+02
358.00   7.6410e+02
359.00   7.6483e+02
360.00   7.6555e+02
361.00   7.6628e+02
362.00   7.6700e+02
363.00   7.6771e+02
364.00   7.6842e+02
365.00   7.6913e+02
366.00   7.6983e+02
367.00   7.7053e+02
368.00   7.7123e+02
369.00   7.7192e+02
370.00   7.7261e+02
371.00   7.7329e+02
372.00   7.7397e+02
373.00   7.7465e+02
374.00   7.7532e+02
375.00   7.7599e+02
376.00   7.7665e+02
377.00   7.7732e+02
378.00   7.7797e+02
379.00   7.7863e+02
380.00   7.7928e+02
381.00   7.7992e+02
382.00   7.8057e+02
383.00   7.8121e+02
384.00   7.8184e+02
385.00   7.8248e+02
386.00   7.8310e+02
387.00   7.8373e+02
388.00   7.8435e+02
389.00   7.8497e+02
390.00   7.8558e+02
391.00   7.8620e+02
392.00   7.8680e+02
393.00   7.8741e+02
394.00   7.8801e+02
395.00   7.8861e+02
396.00   7.8920e+02
397.00   7.8979e+02
398.00   7.9038e+02
399.00   7.9096e+02
400.00   7.9154e+02
401.00   7.9212e+02
402.00   7.9270e+02
403.00   7.9327e+02
404.00   7.9384e+02
405.00   7.9440e+02
406.00   7.9496e+02
407.00   7.9552e+02
408.00   7.9608e+02
409.00   7.9663e+02
410.00   7.9718e+02
411.00   7.9772e+02
412.00   7.9826e+02
413.00   7.9880e+02
414.00   7.9934e+02
415.00   7.9987e+02
416.00   8.0040e+02
417.00   8.0093e+02
418.00   8.0146e+02
419.00   8.0198e+02
420.00   8.0250e+02
421.00   8.0301e+02
422.00   8.0352e+02
423.00   8.0403e+02
424.00   8.0454e+02
425.00   8.0504e+02
426.00   8.0555e+02
427.00   8.0604e+02
428.00   8.0654e+02
429.00   8.0703e+02
430.00   8.0752e+02
431.00   8.0801e+02
432.00   8.0849e+02
433.00   8.0897e+02
434.00   8.0945e+02
435.00   8.0993e+02
436.00   8.1040e+02
437.00   8.1087e+02
438.00   8.1134e+02
439.00   8.1181e+02
440.00   8.1227e+02
441.00   8.1273e+02
442.00   8.1319e+02
443.00   8.1364e+02
444.00   8.1409e+02
445.00   8.1454e+02
446.00   8.1499e+02
447.00   8.1543e+02
448.00   8.1588e+02
449.00   8.1632e+02
450.00   8.1675e+02
451.00   8.1719e+02
452.00   8.1762e+02
453.00   8.1805e+02
454.00   8.1848e+02
455.00   8.1890e+02
456.00   8.1932e+02
457.00   8.1974e+02
458.00   8.2016e+02
459.00   8.2058e+02
460.00   8.2099e+02
461.00   8.2140e+02
462.00   8.2181e+02
463.00   8.2221e+02
464.00   8.2262e+02
465.00   8.2302e+02
466.00   8.2342e+02
467.00   8.2382e+02
468.00   8.2421e+02
469.00   8.2460e+02
470.00   8.2499e+02
471.00   8.2538e+02
472.00   8.2577e+02
473.00   8.2615e+02
474.00   8.2653e+02
475.00   8.2691e+02
476.00   8.2729e+02
477.00   8.2766e+02
478.00   8.2804e+02
479.00   8.2841e+02
480.00   8.2878e+02
481.00   8.2914e+02
482.00   8.2951e+02
483.00   8.2987e+02
484.00   8.3023e+02
485.00   8.3059e+02
486.00   8.3095e+02
487.00   8.3131e+02
488.00   8.3166e+02
489.00   8.3201e+02
490.00   8.3236e+02
491.00   8.3271e+02
492.00   8.3305e+02
493.00   8.3339e+02
494.00   8.3374e+02
495.00   8.3408e+02
496.00   8.3441e+02
497.00   8.3475e+02
498.00   8.3508e+02
499.00   8.3542e+02
500.00   8.3575e+02
501.00   8.3608e+02
502.00   8.3640e+02
503.00   8.3673e+02
504.00   8.3705e+02
505.00   8.3738e+02
506.00   8.3770e+02
507.00   8.3801e+02
508.00   8.3833e+02
509.00   8.3865e+02
510.00   8.3896e+02
511.00   8.3927e+02
512.00   8.3958e+02
513.00   8.3989e+02
514.00   8.4020e+02
515.00   8.4050e+02
516.00   8.4081e+02
517.00   8.4111e+02
518.00   8.4141e+02
519.00   8.4171e+02
520.00   8.4201e+02
521.00   8.4230e+02
522.00   8.4260e+02
523.00   8.4289e+02
524.00   8.4318e+02
525.00   8.4347e+02
526.00   8.4376e+02
527.00   8.4405e+02
528.00   8.4433e+02
529.00   8.4462e+02
530.00   8.4490e+02
531.00   8.4518e+02
532.00   8.4546e+02
533.00   8.4574e+02
534.00   8.4601e+02
535.00   8.4629e+02
536.00   8.4656e+02
537.00   8.4684e+02
538.00   8.4711e+02
539.00   8.4738e+02
540.00   8.4765e+02
541.00   8.4792e+02
542.00   8.4818e+02
543.00   8.4845e+02
544.00   8.4871e+02
545.00   8.4897e+02
546.00   8.4924e+02
547.00   8.4950e+02
548.00   8.4975e+02
549.00   8.5001e+02
550.00   8.5027e+02
551.00   8.5052e+02
552.00   8.5078e+02
553.00   8.5103e+02
554.00   8.5128e+02
555.00   8.5153e+02
556.00   8.5178e+02
557.00   8.5203e+02
558.00   8.5228e+02
559.00   8.5252e+02
560.00   8.5277e+02
561.00   8.5301e+02
562.00   8.5325e+02
563.00   8.5350e+02
564.00   8.5374e+02
565.00   8.5398e+02
566.00   8.5421e+02
567.00   8.5445e+02
568.00   8.5469e+02
569.00   8.5492e+02
570.00   8.5516e+02
571.00   8.5539e+02
572.00   8.5562e+02
573.00   8.5585e+02
574.00   8.5609e+02
575.00   8.5631e+02
576.00   8.5654e+02
577.00   8.5677e+02
578.00   8.5700e+02
579.00   8.5722e+02
580.00   8.5745e+02
581.00   8.5767e+02
582.00   8.5789e+02
583.00   8.5812e+02
584.00   8.5834e+02
585.00   8.5856e+02
586.00   8.5878e+02
587.00   8.5900e+02
588.00   8.5921e+02
589.00   8.5943e+02
590.00   8.5965e+02
591.00   8.5986e+02
592.00   8.6008e+02
593.00   8.6029e+02
594.00   8.6050e+02
595.00   8.6071e+02
596.00   8.6093e+02
597.00   8.6114e+02
598.00   8.6135e+02
599.00   8.6155e+02
600.00   8.6176e+02
601.00   8.6197e+02
602.00   8.6218e+02
603.00   8.6238e+02
604.00   8.6259e+02
605.00   8.6279e+02
606.00   8.6300e+02
607.00   8.6320e+02
608.00   8.6340e+02
609.00   8.6360e+02
610.00   8.6381e+02
611.00   8.6401e+02
612.00   8.6421e+02
613.00   8.6441e+02
614.00   8.6460e+02
615.00   8.6480e+02
616.00   8.6500e+02
617.00   8.6520e+02
618.00   8.6539e+02
619.00   8.6559e+02
620.00   8.6578e+02
621.00   8.6598e+02
622.00   8.6617e+02
623.00   8.6637e+02
624.00   8.6656e+02
625.00   8.6675e+02
626.00   8.6694e+02
627.00   8.6713e+02
628.00   8.6732e+02
629.00   8.6751e+02
630.00   8.6770e+02
631.00   8.6789e+02
632.00   8.6808e+02
633.00   8.6827e+02
634.00   8.6846e+02
635.00   8.6864e+02
636.00   8.6883e+02
637.00   8.6902e+02
638.00   8.6920e+02
639.00   8.6939e+02
640.00   8.6957e+02
641.00   8.6976e+02
642.00   8.6994e+02
643.00   8.7012e+02
644.00   8.7031e+02
645.00   8.7049e+02
646.00   8.7067e+02
647.00   8.7085e+02
648.00   8.7103e+02
649.00   8.7121e+02
650.00   8.7139e+02
651.00   8.7157e+02
652.00   8.7175e+02
653.00   8.7193e+02
654.00   8.7211e+02
655.00   8.7229e+02
656.00   8.7247e+02
657.00   8.7265e+02
658.00   8.7283e+02
659.00   8.7300e+02
660.00   8.7318e+02
661.00   8.7336e+02
662.00   8.7353e+02
663.00   8.7371e+02
664.00   8.7388e+02
665.00   8.7406e+02
666.00   8.7423e+02
667.00   8.7441e+02
668.00   8.7458e+02
669.00   8.7476e+02
670.00   8.7493e+02
671.00   8.7510e+02
672.00   8.7528e+02
673.00   8.7545e+02
674.00   8.7562e+02
675.00   8.7580e+02
676.00   8.7597e+02
677.00   8.7614e+02
678.00   8.7631e+02
679.00   8.7648e+02
680.00   8.7666e+02
681.00   8.7683e+02
682.00   8.7700e+02
683.00   8.7717e+02
684.00   8.7734e+02
685.00   8.7751e+02
686.00   8.7768e+02
687.00   8.7785e+02
688.00   8.7802e+02
689.00   8.7819e+02
690.00   8.7836e+02
691.00   8.7853e+02
692.00   8.7869e+02
693.00   8.7886e+02
694.00   8.7903e+02
695.00   8.7920e+02
696.00   8.7937e+02
697.00   8.7954e+02
698.00   8.7970e+02
699.00   8.7987e+02
700.00   8.8004e+02
701.00   8.8021e+02
702.00   8.8037e+02
703.00   8.8054e+02
704.00   8.8071e+02
705.00   8.8087e+02
706.00   8.8104e+02
707.00   8.8121e+02
708.00   8.8137e+02
709.00   8.8154e+02
710.00   8.8171e+02
711.00   8.8187e+02
712.00   8.8204e+02
713.00   8.8220e+02
714.00   8.8237e+02
715.00   8.8253e+02
716.00   8.8270e+02
717.00   8.8286e+02
718.00   8.8303e+02
719.00   8.8320e+02
720.00   8.8336e+02
721.00   8.8353e+02
722.00   8.8369e+02
723.00   8.8386e+02
724.00   8.8402e+02
725.00   8.8418e+02
726.00   8.8435e+02
727.00   8.8451e+02
728.00   8.8468e+02
729.00   8.8484e+02
730.00   8.8501e+02
731.00   8.8517e+02
732.00   8.8534e+02
733.00   8.8550e+02
734.00   8.8566e+02
735.00   8.8583e+02
736.00   8.8599e+02
737.00   8.8616e+02
738.00   8.8632e+02
739.00   8.8648e+02
740.00   8.8665e+02
741.00   8.8681e+02
742.00   8.8697e+02
743.00   8.8714e+02
744.00   8.8730e+02
745.00   8.8747e+02
746.00   8.8763e+02
747.00   8.8779e+02
748.00   8.8796e+02
749.00   8.8812e+02
750.00   8.8828e+02
751.00   8.8845e+02
752.00   8.8861e+02
753.00   8.8877e+02
754.00   8.8894e+02
755.00   8.8910e+02
756.00   8.8926e+02
757.00   8.8943e+02
758.00   8.8959e+02
759.00   8.8975e+02
760.00   8.8991e+02
761.00   8.9008e+02
762.00   8.9024e+02
763.00   8.9040e+02
764.00   8.9057e+02
765.00   8.9073e+02
766.00   8.9089e+02
767.00   8.9106e+02
768.00   8.9122e+02
769.00   8.9138e+02
770.00   8.9155e+02
771.00   8.9171e+02
772.00   8.9187e+02
773.00   8.9203e+02
774.00   8.9220e+02
775.00   8.9236e+02
776.00   8.9252e+02
777.00   8.9269e+02
778.00   8.9285e+02
779.00   8.9301e+02
780.00   8.9317e+02
781.00   8.9334e+02
782.00   8.9350e+02
783.00   8.9366e+02
784.00   8.9383e+02
785.00   8.9399e+02
786.00   8.9415e+02
787.00   8.9431e+02
788.00   8.9448e+02
789.00   8.9464e+02
790.00   8.9480e+02
791.00   8.9497e+02
792.00   8.9513e+02
793.00   8.9529e+02
794.00   8.9545e+02
795.00   8.9562e+02
796.00   8.9578e+02
797.00   8.9594e+02
798.00   8.9610e+02
799.00   8.9627e+02
800.00   8.9643e+02
801.00   8.9659e+02
802.00   8.9675e+02
803.00   8.9692e+02
804.00   8.9708e+02
805.00   8.9724e+02
806.00   8.9740e+02
807.00   8.9757e+02
808.00   8.9773e+02
809.00   8.9789e+02
810.00   8.9805e+02
811.00   8.9821e+02
812.00   8.9838e+02
813.00   8.9854e+02
814.00   8.9870e+02
815.00   8.9886e+02
816.00   8.9902e+02
817.00   8.9919e+02
818.00   8.9935e+02
819.00   8.9951e+02
820.00   8.9967e+02
821.00   8.9983e+02
822.00   9.0000e+02
823.00   9.0016e+02
824.00   9.0032e+02
825.00   9.0048e+02
826.00   9.0064e+02
827.00   9.0080e+02
828.00   9.0096e+02
829.00   9.0113e+02
830.00   9.0129e+02
831.00   9.0145e+02
832.00   9.0161e+02
833.00   9.0177e+02
834.00   9.0193e+02
835.00   9.0209e+02
836.00   9.0225e+02
837.00   9.0241e+02
838.00   9.0257e+02
839.00   9.0273e+02
840.00   9.0289e+02
841.00   9.0305e+02
842.00   9.0321e+02
843.00   9.0337e+02
844.00   9.0353e+02
845.00   9.0369e+02
846.00   9.0385e+02
847.00   9.0401e+02
848.00   9.0417e+02
849.00   9.0433e+02
850.00   9.0449e+02
851.00   9.0465e+02
852.00   9.0481e+02
853.00   9.0497e+02
854.00   9.0513e+02
855.00   9.0528e+02
856.00   9.0544e+02
857.00   9.0560e+02
858.00   9.0576e+02
859.00   9.0592e+02
860.00   9.0607e+02
861.00   9.0623e+02
862.00   9.0639e+02
863.00   9.0655e+02
864.00   9.0670e+02
865.00   9.0686e+02
866.00   9.0702e+02
867.00   9.0717e+02
868.00   9.0733e+02
869.00   9.0748e+02
870.00   9.0764e+02
871.00   9.0780e+02
872.00   9.0795e+02
873.00   9.0811e+02
874.00   9.0826e+02
875.00   9.0842e+02
876.00   9.0857e+02
877.00   9.0872e+02
878.00   9.0888e+02
879.00   9.0903e+02
880.00   9.0918e+02
881.00   9.0934e+02
882.00   9.0949e+02
883.00   9.0964e+02
884.00   9.0980e+02
885.00   9.0995e+02
886.00   9.1010e+02
887.00   9.1025e+02
888.00   9.1040e+02
889.00   9.1055e+02
890.00   9.1070e+02
891.00   9.1086e+02
892.00   9.1101e+02
893.00   9.1116e+02
894.00   9.1130e+02
895.00   9.1145e+02
896.00   9.1160e+02
897.00   9.1175e+02
898.00   9.1190e+02
899.00   9.1205e+02
900.00   9.1219e+02
901.00   9.1226e+02
902.00   9.1239e+02
903.00   9.1252e+02
904.00   9.1265e+02
905.00   9.1278e+02
906.00   9.1291e+02
907.00   9.1303e+02
908.00   9.1316e+02
909.00   9.1329e+02
910.00   9.1342e+02
911.00   9.1355e+02
912.00   9.1368e+02
913.00   9.1381e+02
914.00   9.1394e+02
915.00   9.1407e+02
916.00   9.1420e+02
917.00   9.1433e+02
918.00   9.1445e+02
919.00   9.1458e+02
920.00   9.1471e+02
921.00   9.1484e+02
922.00   9.1497e+02
923.00   9.1510e+02
924.00   9.1523e+02
925.00   9.1535e+02
926.00   9.1548e+02
927.00   9.1561e+02
928.00   9.1574e+02
929.00   9.1587e+02
930.00   9.1599e+02
931.00   9.1612e+02
932.00   9.1625e+02
933.00   9.1638e+02
934.00   9.1651e+02
935.00   9.1663e+02
936.00   9.1676e+02
937.00   9.1689e+02
938.00   9.1702e+02
939.00   9.1714e+02
940.00   9.1727e+02
941.00   9.1740e+02
942.00   9.1753e+02
943.00   9.1765e+02
944.00   9.1778e+02
945.00   9.1791e+02
946.00   9.1803e+02
947.00   9.1816e+02
948.00   9.1829e+02
949.00   9.1841e+02
950.00   9.1854e+02
951.00   9.1867e+02
952.00   9.1879e+02
953.00   9.1892e+02
954.00   9.1905e+02
955.00   9.1917e+02
956.00   9.1930e+02
957.00   9.1943e+02
958.00   9.1955e+02
959.00   9.1968e+02
960.00   9.1980e+02
961.00   9.1993e+02
962.00   9.2006e+02
963.00   9.2018e+02
964.00   9.2031e+02
965.00   9.2043e+02
966.00   9.2056e+02
967.00   9.2069e+02
968.00   9.2081e+02
969.00   9.2094e+02
970.00   9.2106e+02
971.00   9.2119e+02
972.00   9.2131e+02
973.00   9.2144e+02
974.00   9.2156e+02
975.00   9.2169e+02
976.00   9.2181e+02
977.00   9.2194e+02
978.00   9.2206e+02
979.00   9.2219e+02
980.00   9.2231e+02
981.00   9.2244e+02
982.00   9.2256e+02
983.00   9.2269e+02
984.00   9.2281e+02
985.00   9.2294e+02
986.00   9.2306e+02
987.00   9.2318e+02
988.00   9.2331e+02
989.00   9.2343e+02
990.00   9.2356e+02
991.00   9.2368e+02
992.00   9.2381e+02
993.00   9.2393e+02
994.00   9.2405e+02
995.00   9.2418e+02
996.00   9.2430e+02
997.00   9.2442e+02
998.00   9.2455e+02
999.00   9.2467e+02
1000.00   9.2480e+02
1001.00   9.2492e+02
1002.00   9.2504e+02
1003.00   9.2517e+02
1004.00   9.2529e+02
1005.00   9.2541e+02
1006.00   9.2554e+02
1007.00   9.2566e+02
1008.00   9.2578e+02
1009.00   9.2590e+02
1010.00   9.2603e+02
1011.00   9.2615e+02
1012.00   9.2627e+02
1013.00   9.2640e+02
1014.00   9.2652e+02
1015.00   9.2664e+02
1016.00   9.2676e+02
1017.00   9.2689e+02
1018.00   9.2701e+02
1019.00   9.2713e+02
1020.00   9.2725e+02
1021.00   9.2737e+02
1022.00   9.2750e+02
1023.00   9.2762e+02
1024.00   9.2774e+02
1025.00   9.2786e+02
1026.00   9.2798e+02
1027.00   9.2811e+02
1028.00   9.2823e+02
1029.00   9.2835e+02
1030.00   9.2847e+02
1031.00   9.2859e+02
1032.00   9.2871e+02
1033.00   9.2884e+02
1034.00   9.2896e+02
1035.00   9.2908e+02
1036.00   9.2920e+02
1037.00   9.2932e+02
1038.00   9.2944e+02
1039.00   9.2956e+02
1040.00   9.2968e+02
1041.00   9.2981e+02
1042.00   9.2993e+02
1043.00   9.3005e+02
1044.00   9.3017e+02
1045.00   9.3029e+02
1046.00   9.3041e+02
1047.00   9.3053e+02
1048.00   9.3065e+02
1049.00   9.3077e+02
1050.00   9.3089e+02
1051.00   9.3101e+02
1052.00   9.3113e+02
1053.00   9.3125e+02
1054.00   9.3137e+02
1055.00   9.3149e+02
1056.00   9.3161e+02
1057.00   9.3173e+02
1058.00   9.3185e+02
1059.00   9.3197e+02
1060.00   9.3209e+02
1061.00   9.3221e+02
1062.00   9.3233e+02
1063.00   9.3245e+02
1064.00   9.3257e+02
1065.00   9.3269e+02
1066.00   9.3281e+02
1067.00   9.3293e+02
1068.00   9.3305e+02
1069.00   9.3316e+02
1070.00   9.3328e+02
1071.00   9.3340e+02
1072.00   9.3352e+02
1073.00   9.3364e+02
1074.00   9.3376e+02
1075.00   9.3388e+02
1076.00   9.3400e+02
1077.00   9.3412e+02
1078.00   9.3423e+02
1079.00   9.3435e+02
1080.00   9.3447e+02
1081.00   9.3459e+02
1082.00   9.3471e+02
1083.00   9.3483e+02
1084.00   9.3494e+02
1085.00   9.3506e+02
1086.00   9.3518e+02
1087.00   9.3530e+02
1088.00   9.3542e+02
1089.00   9.3553e+02
1090.00   9.3565e+02
1091.00   9.3577e+02
1092.00   9.3589e+02
1093.00   9.3601e+02
1094.00   9.3612e+02
1095.00   9.3624e+02
1096.00   9.3636e+02
1097.00   9.3647e+02
1098.00   9.3659e+02
1099.00   9.3671e+02
1100.00   9.3683e+02
1101.00   9.3694e+02
1102.00   9.3706e+02
1103.00   9.3718e+02
1104.00   9.3729e+02
1105.00   9.3741e+02
1106.00   9.3753e+02
1107.00   9.3764e+02
1108.00   9.3776e+02
1109.00   9.3788e+02
1110.00   9.3799e+02
1111.00   9.3811e+02
1112.00   9.3823e+02
1113.00   9.3834e+02
1114.00   9.3846e+02
1115.00   9.3858e+02
1116.00   9.3869e+02
1117.00   9.3881e+02
1118.00   9.3892e+02
1119.00   9.3904e+02
1120.00   9.3916e+02
1121.00   9.3927e+02
1122.00   9.3939e+02
1123.00   9.3950e+02
1124.00   9.3962e+02
1125.00   9.3973e+02
1126.00   9.3985e+02
1127.00   9.3997e+02
1128.00   9.4008e+02
1129.00   9.4020e+02
1130.00   9.4031e+02
1131.00   9.4043e+02
1132.00   9.4054e+02
1133.00   9.4066e+02
1134.00   9.4077e+02
1135.00   9.4089e+02
1136.00   9.4100e+02
1137.00   9.4112e+02
1138.00   9.4123e+02
1139.00   9.4135e+02
1140.00   9.4146e+02
1141.00   9.4158e+02
1142.00   9.4169e+02
1143.00   9.4180e+02
1144.00   9.4192e+02
1145.00   9.4203e+02
1146.00   9.4215e+02
1147.00   9.4226e+02
1148.00   9.4238e+02
1149.00   9.4249e+02
1150.00   9.4260e+02
1151.00   9.4272e+02
1152.00   9.4283e+02
1153.00   9.4294e+02
1154.00   9.4306e+02
1155.00   9.4317e+02
1156.00   9.4329e+02
1157.00   9.4340e+02
1158.00   9.4351e+02
1159.00   9.4363e+02
1160.00   9.4374e+02
1161.00   9.4385e+02
1162.00   9.4397e+02
1163.00   9.4408e+02
1164.00   9.4419e+02
1165.00   9.4431e+02
1166.00   9.4442e+02
1167.00   9.4453e+02
1168.00   9.4464e+02
1169.00   9.4476e+02
1170.00   9.4487e+02
1171.00   9.4498e+02
1172.00   9.4509e+02
1173.00   9.4521e+02
1174.00   9.4532e+02
1175.00   9.4543e+02
1176.00   9.4554e+02
1177.00   9.4566e+02
1178.00   9.4577e+02
1179.00   9.4588e+02
1180.00   9.4599e+02
1181.00   9.4610e+02
1182.00   9.4622e+02
1183.00   9.4633e+02
1184.00   9.4644e+02
1185.00   9.4655e+02
1186.00   9.4666e+02
1187.00   9.4678e+02
1188.00   9.4689e+02
1189.00   9.4700e+02
1190.00   9.4711e+02
1191.00   9.4722e+02
1192.00   9.4733e+02
1193.00   9.4744e+02
1194.00   9.4756e+02
1195.00   9.4767e+02
1196.00   9.4778e+02
1197.00   9.4789e+02
1198.00   9.4800e+02
1199.00   9.4811e+02
1200.00   9.4822e+02
1201.00   9.4833e+02
1202.00   9.4844e+02
1203.00   9.4855e+02
1204.00   9.4866e+02
1205.00   9.4877e+02
1206.00   9.4888e+02
1207.00   9.4899e+02
1208.00   9.4910e+02
1209.00   9.4922e+02
1210.00   9.4933e+02
1211.00   9.4944e+02
1212.00   9.4955e+02
1213.00   9.4966e+02
1214.00   9.4977e+02
1215.00   9.4988e+02
1216.00   9.4998e+02
1217.00   9.5009e+02
1218.00   9.5020e+02
1219.00   9.5031e+02
1220.00   9.5042e+02
1221.00   9.5053e+02
1222.00   9.5064e+02
1223.00   9.5075e+02
1224.00   9.5086e+02
1225.00   9.5097e+02
1226.00   9.5108e+02
1227.00   9.5119e+02
1228.00   9.5130e+02
1229.00   9.5141e+02
1230.00   9.5152e+02
1231.00   9.5162e+02
1232.00   9.5173e+02
1233.00   9.5184e+02
1234.00   9.5195e+02
1235.00   9.5206e+02
1236.00   9.5217e+02
1237.00   9.5228e+02
1238.00   9.5238e+02
1239.00   9.5249e+02
1240.00   9.5260e+02
1241.00   9.5271e+02
1242.00   9.5282e+02
1243.00   9.5292e+02
1244.00   9.5303e+02
1245.00   9.5314e+02
1246.00   9.5325e+02
1247.00   9.5336e+02
1248.00   9.5346e+02
1249.00   9.5357e+02
1250.00   9.5368e+02
1251.00   9.5379e+02
1252.00   9.5389e+02
1253.00   9.5400e+02
1254.00   9.5411e+02
1255.00   9.5422e+02
1256.00   9.5432e+02
1257.00   9.5443e+02
1258.00   9.5454e+02
1259.00   9.5464e+02
1260.00   9.5475e+02
1261.00   9.5486e+02
1262.00   9.5497e+02
1263.00   9.5507e+02
1264.00   9.5518e+02
1265.00   9.5529e+02
1266.00   9.5539e+02
1267.00   9.5550e+02
1268.00   9.5561e+02
1269.00   9.5571e+02
1270.00   9.5582e+02
1271.00   9.5592e+02
1272.00   9.5603e+02
1273.00   9.5614e+02
1274.00   9.5624e+02
1275.00   9.5635e+02
1276.00   9.5645e+02
1277.00   9.5656e+02
1278.00   9.5667e+02
1279.00   9.5677e+02
1280.00   9.5688e+02
1281.00   9.5698e+02
1282.00   9.5709e+02
1283.00   9.5719e+02
1284.00   9.5730e+02
1285.00   9.5741e+02
1286.00   9.5751e+02
1287.00   9.5762e+02
1288.00   9.5772e+02
1289.00   9.5783e+02
1290.00   9.5793e+02
1291.00   9.5804e+02
1292.00   9.5814e+02
1293.00   9.5825e+02
1294.00   9.5835e+02
1295.00   9.5846e+02
1296.00   9.5856e+02
1297.00   9.5867e+02
1298.00   9.5877e+02
1299.00   9.5887e+02
1300.00   9.5898e+02
1301.00   9.5908e+02
1302.00   9.5919e+02
1303.00   9.5929e+02
1304.00   9.5940e+02
1305.00   9.5950e+02
1306.00   9.5960e+02
1307.00   9.5971e+02
1308.00   9.5981e+02
1309.00   9.5992e+02
1310.00   9.6002e+02
1311.00   9.6012e+02
1312.00   9.6023e+02
1313.00   9.6033e+02
1314.00   9.6043e+02
1315.00   9.6054e+02
1316.00   9.6064e+02
1317.00   9.6074e+02
1318.00   9.6085e+02
1319.00   9.6095e+02
1320.00   9.6105e+02
1321.00   9.6116e+02
1322.00   9.6126e+02
1323.00   9.6136e+02
1324.00   9.6147e+02
1325.00   9.6157e+02
1326.00   9.6167e+02
1327.00   9.6177e+02
1328.00   9.6188e+02
1329.00   9.6198e+02
1330.00   9.6208e+02
1331.00   9.6218e+02
1332.00   9.6229e+02
1333.00   9.6239e+02
1334.00   9.6249e+02
1335.00   9.6259e+02
1336.00   9.6270e+02
1337.00   9.6280e+02
1338.00   9.6290e+02
1339.00   9.6300e+02
1340.00   9.6310e+02
1341.00   9.6321e+02
1342.00   9.6331e+02
1343.00   9.6341e+02
1344.00   9.6351e+02
1345.00   9.6361e+02
1346.00   9.6371e+02
1347.00   9.6381e+02
1348.00   9.6392e+02
1349.00   9.6402e+02
1350.00   9.6412e+02
1351.00   9.6422e+02
1352.00   9.6432e+02
1353.00   9.6442e+02
1354.00   9.6452e+02
1355.00   9.6462e+02
1356.00   9.6472e+02
1357.00   9.6483e+02
1358.00   9.6493e+02
1359.00   9.6503e+02
1360.00   9.6513e+02
1361.00   9.6523e+02
1362.00   9.6533e+02
1363.00   9.6543e+02
1364.00   9.6553e+02
1365.00   9.6563e+02
1366.00   9.6573e+02
1367.00   9.6583e+02
1368.00   9.6593e+02
1369.00   9.6603e+02
1370.00   9.6613e+02
1371.00   9.6623e+02
1372.00   9.6633e+02
1373.00   9.6643e+02
1374.00   9.6653e+02
1375.00   9.6663e+02
1376.00   9.6673e+02
1377.00   9.6683e+02
1378.00   9.6693e+02
1379.00   9.6703e+02
1380.00   9.6713e+02
1381.00   9.6723e+02
1382.00   9.6732e+02
1383.00   9.6742e+02
1384.00   9.6752e+02
1385.00   9.6762e+02
1386.00   9.6772e+02
1387.00   9.6782e+02
1388.00   9.6792e+02
1389.00   9.6802e+02
1390.00   9.6812e+02
1391.00   9.6821e+02
1392.00   9.6831e+02
1393.00   9.6841e+02
1394.00   9.6851e+02
1395.00   9.6861e+02
1396.00   9.6871e+02
1397.00   9.6880e+02
1398.00   9.6890e+02
1399.00   9.6900e+02
1400.00   9.6910e+02
1401.00   9.6920e+02
1402.00   9.6930e+02
1403.00   9.6939e+02
1404.00   9.6949e+02
1405.00   9.6959e+02
1406.00   9.6969e+02
1407.00   9.6978e+02
1408.00   9.6988e+02
1409.00   9.6998e+02
1410.00   9.7008e+02
1411.00   9.7017e+02
1412.00   9.7027e+02
1413.00   9.7037e+02
1414.00   9.7047e+02
1415.00   9.7056e+02
1416.00   9.7066e+02
1417.00   9.7076e+02
1418.00   9.7085e+02
1419.00   9.7095e+02
1420.00   9.7105e+02
1421.00   9.7114e+02
1422.00   9.7124e+02
1423.00   9.7134e+02
1424.00   9.7143e+02
1425.00   9.7153e+02
1426.00   9.7163e+02
1427.00   9.7172e+02
1428.00   9.7182e+02
1429.00   9.7192e+02
1430.00   9.7201e+02
1431.00   9.7211e+02
1432.00   9.7220e+02
1433.00   9.7230e+02
1434.00   9.7240e+02
1435.00   9.7249e+02
1436.00   9.7259e+02
1437.00   9.7268e+02
1438.00   9.7278e+02
1439.00   9.7287e+02
1440.00   9.7297e+02
1441.00   9.7306e+02
1442.00   9.7316e+02
1443.00   9.7326e+02
1444.00   9.7335e+02
1445.00   9.7345e+02
1446.00   9.7354e+02
1447.00   9.7364e+02
1448.00   9.7373e+02
1449.00   9.7383e+02
1450.00   9.7392e+02
1451.00   9.7402e+02
1452.00   9.7411e+02
1453.00   9.7421e+02
1454.00   9.7430e+02
1455.00   9.7439e+02
1456.00   9.7449e+02
1457.00   9.7458e+02
1458.00   9.7468e+02
1459.00   9.7477e+02
1460.00   9.7487e+02
1461.00   9.7496e+02
1462.00   9.7505e+02
1463.00   9.7515e+02
1464.00   9.7524e+02
1465.00   9.7534e+02
1466.00   9.7543e+02
1467.00   9.7552e+02
1468.00   9.7562e+02
1469.00   9.7571e+02
1470.00   9.7581e+02
1471.00   9.7590e+02
1472.00   9.7599e+02
1473.00   9.7609e+02
1474.00   9.7618e+02
1475.00   9.7627e+02
1476.00   9.7637e+02
1477.00   9.7646e+02
1478.00   9.7655e+02
1479.00   9.7664e+02
1480.00   9.7674e+02
1481.00   9.7683e+02
1482.00   9.7692e+02
1483.00   9.7702e+02
1484.00   9.7711e+02
1485.00   9.7720e+02
1486.00   9.7729e+02
1487.00   9.7739e+02
1488.00   9.7748e+02
1489.00   9.7757e+02
1490.00   9.7766e+02
1491.00   9.7776e+02
1492.00   9.7785e+02
1493.00   9.7794e+02
1494.00   9.7803e+02
1495.00   9.7812e+02
1496.00   9.7822e+02
1497.00   9.7831e+02
1498.00   9.7840e+02
1499.00   9.7849e+02
1500.00   9.7858e+02
1501.00   9.7868e+02
1502.00   9.7877e+02
1503.00   9.7886e+02
1504.00   9.7895e+02
1505.00   9.7904e+02
1506.00   9.7913e+02
1507.00   9.7922e+02
1508.00   9.7931e+02
1509.00   9.7941e+02
1510.00   9.7950e+02
1511.00   9.7959e+02
1512.00   9.7968e+02
1513.00   9.7977e+02
1514.00   9.7986e+02
1515.00   9.7995e+02
1516.00   9.8004e+02
1517.00   9.8013e+02
1518.00   9.8022e+02
1519.00   9.8031e+02
1520.00   9.8040e+02
1521.00   9.8049e+02
1522.00   9.8058e+02
1523.00   9.8067e+02
1524.00   9.8076e+02
1525.00   9.8085e+02
1526.00   9.8094e+02
1527.00   9.8103e+02
1528.00   9.8112e+02
1529.00   9.8121e+02
1530.00   9.8130e+02
1531.00   9.8139e+02
1532.00   9.8148e+02
1533.00   9.8157e+02
1534.00   9.8166e+02
1535.00   9.8175e+02
1536.00   9.8184e+02
1537.00   9.8193e+02
1538.00   9.8202e+02
1539.00   9.8211e+02
1540.00   9.8220e+02
1541.00   9.8229e+02
1542.00   9.8238e+02
1543.00   9.8247e+02
1544.00   9.8255e+02
1545.00   9.8264e+02
1546.00   9.8273e+02
1547.00   9.8282e+02
1548.00   9.8291e+02
1549.00   9.8300e+02
1550.00   9.8309e+02
1551.00   9.8318e+02
1552.00   9.8326e+02
1553.00   9.8335e+02
1554.00   9.8344e+02
1555.00   9.8353e+02
1556.00   9.8362e+02
1557.00   9.8370e+02
1558.00   9.8379e+02
1559.00   9.8388e+02
1560.00   9.8397e+02
1561.00   9.8406e+02
1562.00   9.8414e+02
1563.00   9.8423e+02
1564.00   9.8432e+02
1565.00   9.8441e+02
1566.00   9.8449e+02
1567.00   9.8458e+02
1568.00   9.8467e+02
1569.00   9.8476e+02
1570.00   9.8484e+02
1571.00   9.8493e+02
1572.00   9.8502e+02
1573.00   9.8510e+02
1574.00   9.8519e+02
1575.00   9.8528e+02
1576.00   9.8537e+02
1577.00   9.8545e+02
1578.00   9.8554e+02
1579.00   9.8563e+02
1580.00   9.8571e+02
1581.00   9.8580e+02
1582.00   9.8589e+02
1583.00   9.8597e+02
1584.00   9.8606e+02
1585.00   9.8614e+02
1586.00   9.8623e+02
1587.00   9.8632e+02
1588.00   9.8640e+02
1589.00   9.8649e+02
1590.00   9.8657e+02
1591.00   9.8666e+02
1592.00   9.8675e+02
1593.00   9.8683e+02
1594.00   9.8692e+02
1595.00   9.8700e+02
1596.00   9.8709e+02
1597.00   9.8717e+02
1598.00   9.8726e+02
1599.00   9.8735e+02
1600.00   9.8743e+02
1601.00   9.8752e+02
1602.00   9.8760e+02
1603.00   9.8769e+02
1604.00   9.8777e+02
1605.00   9.8786e+02
1606.00   9.8794e+02
1607.00   9.8803e+02
1608.00   9.8811e+02
1609.00   9.8820e+02
1610.00   9.8828e+02
1611.00   9.8836e+02
1612.00   9.8845e+02
1613.00   9.8853e+02
1614.00   9.8862e+02
1615.00   9.8870e+02
1616.00   9.8879e+02
1617.00   9.8887e+02
1618.00   9.8896e+02
1619.00   9.8904e+02
1620.00   9.8912e+02
1621.00   9.8921e+02
1622.00   9.8929e+02
1623.00   9.8938e+02
1624.00   9.8946e+02
1625.00   9.8954e+02
1626.00   9.8963e+02
1627.00   9.8971e+02
1628.00   9.8979e+02
1629.00   9.8988e+02
1630.00   9.8996e+02
1631.00   9.9004e+02
1632.00   9.9013e+02
1633.00   9.9021e+02
1634.00   9.9029e+02
1635.00   9.9038e+02
1636.00   9.9046e+02
1637.00   9.9054e+02
1638.00   9.9063e+02
1639.00   9.9071e+02
1640.00   9.9079e+02
1641.00   9.9087e+02
1642.00   9.9096e+02
1643.00   9.9104e+02
1644.00   9.9112e+02
1645.00   9.9120e+02
1646.00   9.9129e+02
1647.00   9.9137e+02
1648.00   9.9145e+02
1649.00   9.9153e+02
1650.00   9.9162e+02
1651.00   9.9170e+02
1652.00   9.9178e+02
1653.00   9.9186e+02
1654.00   9.9194e+02
1655.00   9.9203e+02
1656.00   9.9211e+02
1657.00   9.9219e+02
1658.00   9.9227e+02
1659.00   9.9235e+02
1660.00   9.9243e+02
1661.00   9.9251e+02
1662.00   9.9260e+02
1663.00   9.9268e+02
1664.00   9.9276e+02
1665.00   9.9284e+02
1666.00   9.9292e+02
1667.00   9.9300e+02
1668.00   9.9308e+02
1669.00   9.9316e+02
1670.00   9.9324e+02
1671.00   9.9333e+02
1672.00   9.9341e+02
1673.00   9.9349e+02
1674.00   9.9357e+02
1675.00   9.9365e+02
1676.00   9.9373e+02
1677.00   9.9381e+02
1678.00   9.9389e+02
1679.00   9.9397e+02
1680.00   9.9405e+02
1681.00   9.9413e+02
1682.00   9.9421e+02
1683.00   9.9429e+02
1684.00   9.9437e+02
1685.00   9.9445e+02