0.00   -1.1287e-10
1.00   1.5456e-10
2.00   2.2157e-10
3.00   1.7516e-10
4.00   8.4229e-11
5.00   8.2394e-13
6.00   -3.8730e-11
7.00   -1.2625e-11
8.00   8.7605e-11
9.00   2.5827e-10
10.00   4.8470e-10
11.00   7.4245e-10
12.00   9.9842e-10
13.00   1.2121e-09
14.00   1.3368e-09
15.00   1.3206e-09
16.00   1.1079e-09
17.00   6.4024e-10
18.00   -1.4232e-10
19.00   -1.3000e-09
20.00   -2.8923e-09
21.00   -4.9766e-09
22.00   -7.6071e-09
23.00   -1.0834e-08
24.00   -1.4700e-08
25.00   -1.9245e-08
26.00   -2.4496e-08
27.00   -3.0476e-08
28.00   -3.7193e-08
29.00   -4.4647e-08
30.00   -5.2823e-08
31.00   -6.1694e-08
32.00   -7.1217e-08
33.00   -8.1332e-08
34.00   -9.1964e-08
35.00   -1.0302e-07
36.00   -1.1443e-07
37.00   -1.2655e-07
38.00   -1.3895e-07
39.00   -1.5158e-07
40.00   -1.6438e-07
41.00   -1.7732e-07
42.00   -1.9035e-07
43.00   -2.0342e-07
44.00   -2.1649e-07
45.00   -2.2953e-07
46.00   -2.4250e-07
47.00   -2.5536e-07
48.00   -2.6809e-07
49.00   -2.8063e-07
50.00   -2.9298e-07
51.00   -3.0509e-07
52.00   -3.1694e-07
53.00   -3.2850e-07
54.00   -3.3975e-07
55.00   -3.5067e-07
56.00   -3.6123e-07
57.00   -3.7141e-07
58.00   -3.8120e-07
59.00   -3.9056e-07
60.00   -3.9950e-07
61.00   -4.0799e-07
62.00   -4.1602e-07
63.00   -4.2358e-07
64.00   -4.3065e-07
65.00   -4.3723e-07
66.00   -4.4329e-07
67.00   -4.4885e-07
68.00   -4.5388e-07
69.00   -4.5838e-07
70.00   -4.6235e-07
71.00   -4.6578e-07
72.00   -4.6867e-07
73.00   -4.7102e-07
74.00   -4.7282e-07
75.00   -4.7407e-07
76.00   -4.7478e-07
77.00   -4.7494e-07
78.00   -4.7455e-07
79.00   -4.7362e-07
80.00   -4.7215e-07
81.00   -4.7014e-07
82.00   -4.6761e-07
83.00   -4.6454e-07
84.00   -4.6095e-07
85.00   -4.5685e-07
86.00   -4.5223e-07
87.00   -4.4712e-07
88.00   -4.4150e-07
89.00   -4.3540e-07
90.00   -4.2882e-07
91.00   -4.2177e-07
92.00   -4.1425e-07
93.00   -4.0628e-07
94.00   -3.9787e-07
95.00   -3.8903e-07
96.00   -3.7976e-07
97.00   -3.7007e-07
98.00   -3.5999e-07
99.00   -3.4951e-07
100.00   -3.3865e-07
101.00   -3.2741e-07
102.00   -3.1582e-07
103.00   -3.0387e-07
104.00   -2.9159e-07
105.00   -2.7898e-07
106.00   -2.6605e-07
107.00   -2.5281e-07
108.00   -2.3927e-07
109.00   -2.2545e-07
110.00   -2.1135e-07
111.00   -1.9699e-07
112.00   -1.8236e-07
113.00   -1.6749e-07
114.00   -1.5238e-07
115.00   -1.3704e-07
116.00   -1.2148e-07
117.00   -1.0570e-07
118.00   -8.9722e-08
119.00   -7.3541e-08
120.00   -5.7167e-08
121.00   -4.0606e-08
122.00   -2.2691e-08
123.00   -4.9230e-09
124.00   1.2938e-08
125.00   3.0888e-08
126.00   4.8924e-08
127.00   6.7041e-08
128.00   8.5237e-08
129.00   1.0351e-07
130.00   1.2185e-07
131.00   1.4025e-07
132.00   1.5873e-07
133.00   1.7726e-07
134.00   1.9584e-07
135.00   2.1448e-07
136.00   2.3317e-07
137.00   2.5191e-07
138.00   2.7069e-07
139.00   2.8951e-07
140.00   3.0836e-07
141.00   3.2725e-07
142.00   3.4617e-07
143.00   3.6511e-07
144.00   3.8408e-07
145.00   4.0306e-07
146.00   4.2207e-07
147.00   4.4109e-07
148.00   4.6012e-07
149.00   4.7916e-07
150.00   4.9820e-07
151.00   5.1725e-07
152.00   5.3630e-07
153.00   5.5534e-07
154.00   5.7438e-07
155.00   5.9341e-07
156.00   6.1243e-07
157.00   6.3144e-07
158.00   6.5043e-07
159.00   6.6940e-07
160.00   6.8835e-07
161.00   7.0728e-07
162.00   7.2618e-07
163.00   7.4506e-07
164.00   7.6390e-07
165.00   7.8271e-07
166.00   8.0148e-07
167.00   8.2022e-07
168.00   8.3892e-07
169.00   8.5757e-07
170.00   8.7619e-07
171.00   8.9475e-07
172.00   9.1327e-07
173.00   9.3174e-07
174.00   9.5015e-07
175.00   9.6852e-07
176.00   9.8683e-07
177.00   1.0051e-06
178.00   1.0233e-06
179.00   1.0414e-06
180.00   1.0595e-06
181.00   1.0775e-06
182.00   1.0954e-06
183.00   1.1133e-06
184.00   1.1311e-06
185.00   1.1488e-06
186.00   1.1665e-06
187.00   1.1840e-06
188.00   1.2016e-06
189.00   1.2190e-06
190.00   1.2363e-06
191.00   1.2536e-06
192.00   1.2708e-06
193.00   1.2879e-06
194.00   1.3050e-06
195.00   1.3219e-06
196.00   1.3388e-06
197.00   1.3556e-06
198.00   1.3723e-06
199.00   1.3889e-06
200.00   1.4054e-06
201.00   1.4218e-06
202.00   1.4381e-06
203.00   1.4544e-06
204.00   1.4705e-06
205.00   1.4866e-06
206.00   1.5026e-06
207.00   1.5184e-06
208.00   1.5342e-06
209.00   1.5499e-06
210.00   1.5655e-06
211.00   1.5810e-06
212.00   1.5964e-06
213.00   1.6117e-06
214.00   1.6269e-06
215.00   1.6420e-06
216.00   1.6570e-06
217.00   1.6719e-06
218.00   1.6867e-06
219.00   1.7014e-06
220.00   1.7160e-06
221.00   1.7305e-06
222.00   1.7449e-06
223.00   1.7593e-06
224.00   1.7735e-06
225.00   1.7876e-06
226.00   1.8016e-06
227.00   1.8155e-06
228.00   1.8293e-06
229.00   1.8431e-06
230.00   1.8567e-06
231.00   1.8702e-06
232.00   1.8836e-06
233.00   1.8970e-06
234.00   1.9102e-06
235.00   1.9234e-06
236.00   1.9364e-06
237.00   1.9493e-06
238.00   1.9622e-06
239.00   1.9750e-06
240.00   1.9876e-06
241.00   2.0002e-06
242.00   2.0127e-06
243.00   2.0251e-06
244.00   2.0374e-06
245.00   2.0496e-06
246.00   2.0617e-06
247.00   2.0737e-06
248.00   2.0857e-06
249.00   2.0975e-06
250.00   2.1093e-06
251.00   2.1210e-06
252.00   2.1326e-06
253.00   2.1441e-06
254.00   2.1556e-06
255.00   2.1669e-06
256.00   2.1782e-06
257.00   2.1894e-06
258.00   2.2006e-06
259.00   2.2116e-06
260.00   2.2226e-06
261.00   2.2336e-06
262.00   2.2444e-06
263.00   2.2552e-06
264.00   2.2659e-06
265.00   2.2766e-06
266.00   2.2871e-06
267.00   2.2977e-06
268.00   2.3081e-06
269.00   2.3185e-06
270.00   2.3289e-06
271.00   2.3392e-06
272.00   2.3495e-06
273.00   2.3596e-06
274.00   2.3698e-06
275.00   2.3799e-06
276.00   2.3900e-06
277.00   2.4000e-06
278.00   2.4100e-06
279.00   2.4199e-06
280.00   2.4298e-06
281.00   2.4397e-06
282.00   2.4495e-06
283.00   2.4593e-06
284.00   2.4691e-06
285.00   2.4789e-06
286.00   2.4886e-06
287.00   2.4983e-06
288.00   2.5080e-06
289.00   2.5177e-06
290.00   2.5274e-06
291.00   2.5370e-06
292.00   2.5467e-06
293.00   2.5564e-06
294.00   2.5659e-06
295.00   2.5743e-06
296.00   2.5826e-06
297.00   2.5909e-06
298.00   2.5992e-06
299.00   2.6074e-06
300.00   2.6156e-06
301.00   2.6237e-06
302.00   2.6318e-06
303.00   2.6398e-06
304.00   2.6479e-06
305.00   2.6558e-06
306.00   2.6638e-06
307.00   2.6716e-06
308.00   2.6795e-06
309.00   2.6873e-06
310.00   2.6951e-06
311.00   2.7028e-06
312.00   2.7105e-06
313.00   2.7181e-06
314.00   2.7257e-06
315.00   2.7333e-06
316.00   2.7408e-06
317.00   2.7483e-06
318.00   2.7558e-06
319.00   2.7632e-06
320.00   2.7706e-06
321.00   2.7779e-06
322.00   2.7852e-06
323.00   2.7925e-06
324.00   2.7997e-06
325.00   2.8069e-06
326.00   2.8140e-06
327.00   2.8211e-06
328.00   2.8282e-06
329.00   2.8352e-06
330.00   2.8422e-06
331.00   2.8492e-06
332.00   2.8561e-06
333.00   2.8630e-06
334.00   2.8699e-06
335.00   2.8767e-06
336.00   2.8835e-06
337.00   2.8902e-06
338.00   2.8969e-06
339.00   2.9036e-06
340.00   2.9102e-06
341.00   2.9168e-06
342.00   2.9234e-06
343.00   2.9299e-06
344.00   2.9364e-06
345.00   2.9429e-06
346.00   2.9493e-06
347.00   2.9557e-06
348.00   2.9621e-06
349.00   2.9684e-06
350.00   2.9747e-06
351.00   2.9810e-06
352.00   2.9872e-06
353.00   2.9934e-06
354.00   2.9996e-06
355.00   3.0057e-06
356.00   3.0118e-06
357.00   3.0178e-06
358.00   3.0239e-06
359.00   3.0299e-06
360.00   3.0358e-06
361.00   3.0418e-06
362.00   3.0477e-06
363.00   3.0536e-06
364.00   3.0594e-06
365.00   3.0652e-06
366.00   3.0710e-06
367.00   3.0767e-06
368.00   3.0825e-06
369.00   3.0881e-06
370.00   3.0938e-06
371.00   3.0994e-06
372.00   3.1050e-06
373.00   3.1106e-06
374.00   3.1161e-06
375.00   3.1216e-06
376.00   3.1271e-06
377.00   3.1325e-06
378.00   3.1380e-06
379.00   3.1433e-06
380.00   3.1487e-06
381.00   3.1540e-06
382.00   3.1593e-06
383.00   3.1646e-06
384.00   3.1698e-06
385.00   3.1751e-06
386.00   3.1802e-06
387.00   3.1854e-06
388.00   3.1905e-06
389.00   3.1956e-06
390.00   3.2007e-06
391.00   3.2058e-06
392.00   3.2108e-06
393.00   3.2158e-06
394.00   3.2207e-06
395.00   3.2257e-06
396.00   3.2306e-06
397.00   3.2355e-06
398.00   3.2403e-06
399.00   3.2452e-06
400.00   3.2500e-06
401.00   3.2547e-06
402.00   3.2595e-06
403.00   3.2642e-06
404.00   3.2689e-06
405.00   3.2736e-06
406.00   3.2783e-06
407.00   3.2829e-06
408.00   3.2875e-06
409.00   3.2921e-06
410.00   3.2966e-06
411.00   3.3011e-06
412.00   3.3056e-06
413.00   3.3101e-06
414.00   3.3146e-06
415.00   3.3190e-06
416.00   3.3234e-06
417.00   3.3278e-06
418.00   3.3321e-06
419.00   3.3365e-06
420.00   3.3408e-06
421.00   3.3451e-06
422.00   3.3493e-06
423.00   3.3536e-06
424.00   3.3578e-06
425.00   3.3620e-06
426.00   3.3661e-06
427.00   3.3703e-06
428.00   3.3744e-06
429.00   3.3785e-06
430.00   3.3826e-06
431.00   3.3867e-06
432.00   3.3907e-06
433.00   3.3947e-06
434.00   3.3987e-06
435.00   3.4027e-06
436.00   3.4066e-06
437.00   3.4105e-06
438.00   3.4145e-06
439.00   3.4183e-06
440.00   3.4222e-06
441.00   3.4260e-06
442.00   3.4299e-06
443.00   3.4337e-06
444.00   3.4375e-06
445.00   3.4412e-06
446.00   3.4450e-06
447.00   3.4487e-06
448.00   3.4524e-06
449.00   3.4561e-06
450.00   3.4597e-06
451.00   3.4634e-06
452.00   3.4670e-06
453.00   3.4706e-06
454.00   3.4742e-06
455.00   3.4777e-06
456.00   3.4813e-06
457.00   3.4848e-06
458.00   3.4883e-06
459.00   3.4918e-06
460.00   3.4953e-06
461.00   3.4987e-06
462.00   3.5022e-06
463.00   3.5056e-06
464.00   3.5090e-06
465.00   3.5123e-06
466.00   3.5157e-06
467.00   3.5191e-06
468.00   3.5224e-06
469.00   3.5257e-06
470.00   3.5290e-06
471.00   3.5322e-06
472.00   3.5355e-06
473.00   3.5387e-06
474.00   3.5420e-06
475.00   3.5452e-06
476.00   3.5484e-06
477.00   3.5515e-06
478.00   3.5547e-06
479.00   3.5578e-06
480.00   3.5609e-06
481.00   3.5640e-06
482.00   3.5671e-06
483.00   3.5702e-06
484.00   3.5733e-06
485.00   3.5763e-06
486.00   3.5793e-06
487.00   3.5823e-06
488.00   3.5853e-06
489.00   3.5883e-06
490.00   3.5913e-06
491.00   3.5942e-06
492.00   3.5972e-06
493.00   3.6001e-06
494.00   3.6030e-06
495.00   3.6059e-06
496.00   3.6087e-06
497.00   3.6116e-06
498.00   3.6144e-06
499.00   3.6173e-06
500.00   3.6201e-06
501.00   3.6229e-06
502.00   3.6257e-06
503.00   3.6285e-06
504.00   3.6312e-06
505.00   3.6340e-06
506.00   3.6367e-06
507.00   3.6394e-06
508.00   3.6421e-06
509.00   3.6448e-06
510.00   3.6475e-06
511.00   3.6502e-06
512.00   3.6528e-06
513.00   3.6554e-06
514.00   3.6581e-06
515.00   3.6607e-06
516.00   3.6633e-06
517.00   3.6659e-06
518.00   3.6685e-06
519.00   3.6710e-06
520.00   3.6736e-06
521.00   3.6761e-06
522.00   3.6786e-06
523.00   3.6812e-06
524.00   3.6837e-06
525.00   3.6862e-06
526.00   3.6886e-06
527.00   3.6911e-06
528.00   3.6936e-06
529.00   3.6960e-06
530.00   3.6984e-06
531.00   3.7009e-06
532.00   3.7033e-06
533.00   3.7057e-06
534.00   3.7081e-06
535.00   3.7104e-06
536.00   3.7128e-06
537.00   3.7152e-06
538.00   3.7175e-06
539.00   3.7198e-06
540.00   3.7222e-06
541.00   3.7245e-06
542.00   3.7268e-06
543.00   3.7291e-06
544.00   3.7314e-06
545.00   3.7336e-06
546.00   3.7359e-06
547.00   3.7382e-06
548.00   3.7404e-06
549.00   3.7426e-06
550.00   3.7449e-06
551.00   3.7471e-06
552.00   3.7493e-06
553.00   3.7515e-06
554.00   3.7537e-06
555.00   3.7558e-06
556.00   3.7580e-06
557.00   3.7602e-06
558.00   3.7623e-06
559.00   3.7645e-06
560.00   3.7666e-06
561.00   3.7687e-06
562.00   3.7708e-06
563.00   3.7729e-06
564.00   3.7750e-06
565.00   3.7771e-06
566.00   3.7792e-06
567.00   3.7813e-06
568.00   3.7833e-06
569.00   3.7854e-06
570.00   3.7874e-06
571.00   3.7895e-06
572.00   3.7915e-06
573.00   3.7935e-06
574.00   3.7956e-06
575.00   3.7976e-06
576.00   3.7996e-06
577.00   3.8016e-06
578.00   3.8036e-06
579.00   3.8055e-06
580.00   3.8075e-06
581.00   3.8095e-06
582.00   3.8114e-06
583.00   3.8134e-06
584.00   3.8153e-06
585.00   3.8173e-06
586.00   3.8192e-06
587.00   3.8211e-06
588.00   3.8230e-06
589.00   3.8249e-06
590.00   3.8268e-06
591.00   3.8287e-06
592.00   3.8306e-06
593.00   3.8325e-06
594.00   3.8344e-06
595.00   3.8363e-06
596.00   3.8381e-06
597.00   3.8400e-06
598.00   3.8418e-06
599.00   3.8437e-06
600.00   3.8455e-06
601.00   3.8474e-06
602.00   3.8492e-06
603.00   3.8510e-06
604.00   3.8528e-06
605.00   3.8546e-06
606.00   3.8564e-06
607.00   3.8582e-06
608.00   3.8600e-06
609.00   3.8618e-06
610.00   3.8636e-06
611.00   3.8654e-06
612.00   3.8672e-06
613.00   3.8689e-06
614.00   3.8707e-06
615.00   3.8725e-06
616.00   3.8742e-06
617.00   3.8760e-06
618.00   3.8777e-06
619.00   3.8794e-06
620.00   3.8812e-06
621.00   3.8829e-06
622.00   3.8846e-06
623.00   3.8863e-06
624.00   3.8881e-06
625.00   3.8898e-06
626.00   3.8915e-06
627.00   3.8932e-06
628.00   3.8949e-06
629.00   3.8966e-06
630.00   3.8983e-06
631.00   3.9000e-06
632.00   3.9016e-06
633.00   3.9033e-06
634.00   3.9050e-06
635.00   3.9067e-06
636.00   3.9083e-06
637.00   3.9100e-06
638.00   3.9116e-06
639.00   3.9133e-06
640.00   3.9149e-06
641.00   3.9166e-06
642.00   3.9182e-06
643.00   3.9199e-06
644.00   3.9215e-06
645.00   3.9231e-06
646.00   3.9248e-06
647.00   3.9264e-06
648.00   3.9280e-06
649.00   3.9296e-06
650.00   3.9313e-06
651.00   3.9329e-06
652.00   3.9345e-06
653.00   3.9361e-06
654.00   3.9377e-06
655.00   3.9393e-06
656.00   3.9409e-06
657.00   3.9425e-06
658.00   3.9441e-06
659.00   3.9457e-06
660.00   3.9473e-06
661.00   3.9489e-06
662.00   3.9504e-06
663.00   3.9520e-06
664.00   3.9536e-06
665.00   3.9552e-06
666.00   3.9567e-06
667.00   3.9583e-06
668.00   3.9599e-06
669.00   3.9614e-06
670.00   3.9630e-06
671.00   3.9646e-06
672.00   3.9661e-06
673.00   3.9677e-06
674.00   3.9692e-06
675.00   3.9708e-06
676.00   3.9723e-06
677.00   3.9739e-06
678.00   3.9754e-06
679.00   3.9770e-06
680.00   3.9785e-06
681.00   3.9801e-06
682.00   3.9816e-06
683.00   3.9831e-06
684.00   3.9847e-06
685.00   3.9862e-06
686.00   3.9877e-06
687.00   3.9893e-06
688.00   3.9908e-06
689.00   3.9923e-06
690.00   3.9938e-06
691.00   3.9954e-06
692.00   3.9969e-06
693.00   3.9984e-06
694.00   3.9999e-06
695.00   4.0014e-06
696.00   4.0029e-06
697.00   4.0045e-06
698.00   4.0060e-06
699.00   4.0075e-06
700.00   4.0090e-06
701.00   4.0105e-06
702.00   4.0120e-06
703.00   4.0135e-06
704.00   4.0150e-06
705.00   4.0165e-06
706.00   4.0180e-06
707.00   4.0195e-06
708.00   4.0210e-06
709.00   4.0225e-06
710.00   4.0240e-06
711.00   4.0255e-06
712.00   4.0270e-06
713.00   4.0285e-06
714.00   4.0300e-06
715.00   4.0315e-06
716.00   4.0330e-06
717.00   4.0345e-06
718.00   4.0360e-06
719.00   4.0374e-06
720.00   4.0389e-06
721.00   4.0404e-06
722.00   4.0419e-06
723.00   4.0434e-06
724.00   4.0449e-06
725.00   4.0464e-06
726.00   4.0478e-06
727.00   4.0493e-06
728.00   4.0508e-06
729.00   4.0523e-06
730.00   4.0538e-06
731.00   4.0553e-06
732.00   4.0567e-06
733.00   4.0582e-06
734.00   4.0597e-06
735.00   4.0612e-06
736.00   4.0626e-06
737.00   4.0641e-06
738.00   4.0656e-06
739.00   4.0671e-06
740.00   4.0685e-06
741.00   4.0700e-06
742.00   4.0715e-06
743.00   4.0730e-06
744.00   4.0744e-06
745.00   4.0759e-06
746.00   4.0774e-06
747.00   4.0789e-06
748.00   4.0803e-06
749.00   4.0818e-06
750.00   4.0833e-06
751.00   4.0847e-06
752.00   4.0862e-06
753.00   4.0877e-06
754.00   4.0891e-06
755.00   4.0906e-06
756.00   4.0921e-06
757.00   4.0936e-06
758.00   4.0950e-06
759.00   4.0965e-06
760.00   4.0980e-06
761.00   4.0994e-06
762.00   4.1009e-06
763.00   4.1024e-06
764.00   4.1038e-06
765.00   4.1053e-06
766.00   4.1068e-06
767.00   4.1082e-06
768.00   4.1097e-06
769.00   4.1111e-06
770.00   4.1126e-06
771.00   4.1141e-06
772.00   4.1155e-06
773.00   4.1170e-06
774.00   4.1185e-06
775.00   4.1199e-06
776.00   4.1214e-06
777.00   4.1228e-06
778.00   4.1243e-06
779.00   4.1258e-06
780.00   4.1272e-06
781.00   4.1287e-06
782.00   4.1302e-06
783.00   4.1316e-06
784.00   4.1331e-06
785.00   4.1345e-06
786.00   4.1360e-06
787.00   4.1375e-06
788.00   4.1389e-06
789.00   4.1404e-06
790.00   4.1418e-06
791.00   4.1433e-06
792.00   4.1447e-06
793.00   4.1462e-06
794.00   4.1477e-06
795.00   4.1491e-06
796.00   4.1506e-06
797.00   4.1520e-06
798.00   4.1535e-06
799.00   4.1549e-06
800.00   4.1564e-06
801.00   4.1579e-06
802.00   4.1593e-06
803.00   4.1608e-06
804.00   4.1622e-06
805.00   4.1637e-06
806.00   4.1651e-06
807.00   4.1666e-06
808.00   4.1680e-06
809.00   4.1695e-06
810.00   4.1709e-06
811.00   4.1724e-06
812.00   4.1738e-06
813.00   4.1753e-06
814.00   4.1767e-06
815.00   4.1782e-06
816.00   4.1796e-06
817.00   4.1811e-06
818.00   4.1825e-06
819.00   4.1840e-06
820.00   4.1854e-06
821.00   4.1868e-06
822.00   4.1883e-06
823.00   4.1897e-06
824.00   4.1912e-06
825.00   4.1926e-06
826.00   4.1941e-06
827.00   4.1955e-06
828.00   4.1969e-06
829.00   4.1984e-06
830.00   4.1998e-06
831.00   4.2012e-06
832.00   4.2027e-06
833.00   4.2041e-06
834.00   4.2056e-06
835.00   4.2070e-06
836.00   4.2084e-06
837.00   4.2098e-06
838.00   4.2113e-06
839.00   4.2127e-06
840.00   4.2141e-06
841.00   4.2156e-06
842.00   4.2170e-06
843.00   4.2184e-06
844.00   4.2198e-06
845.00   4.2213e-06
846.00   4.2227e-06
847.00   4.2241e-06
848.00   4.2255e-06
849.00   4.2269e-06
850.00   4.2284e-06
851.00   4.2298e-06
852.00   4.2312e-06
853.00   4.2326e-06
854.00   4.2340e-06
855.00   4.2354e-06
856.00   4.2368e-06
857.00   4.2382e-06
858.00   4.2396e-06
859.00   4.2410e-06
860.00   4.2424e-06
861.00   4.2438e-06
862.00   4.2452e-06
863.00   4.2466e-06
864.00   4.2480e-06
865.00   4.2494e-06
866.00   4.2508e-06
867.00   4.2522e-06
868.00   4.2536e-06
869.00   4.2550e-06
870.00   4.2564e-06
871.00   4.2578e-06
872.00   4.2591e-06
873.00   4.2605e-06
874.00   4.2619e-06
875.00   4.2633e-06
876.00   4.2646e-06
877.00   4.2660e-06
878.00   4.2674e-06
879.00   4.2687e-06
880.00   4.2701e-06
881.00   4.2715e-06
882.00   4.2728e-06
883.00   4.2742e-06
884.00   4.2755e-06
885.00   4.2769e-06
886.00   4.2782e-06
887.00   4.2796e-06
888.00   4.2809e-06
889.00   4.2823e-06
890.00   4.2836e-06
891.00   4.2849e-06
892.00   4.2863e-06
893.00   4.2876e-06
894.00   4.2889e-06
895.00   4.2903e-06
896.00   4.2916e-06
897.00   4.2929e-06
898.00   4.2942e-06
899.00   4.2955e-06
900.00   4.2968e-06
901.00   4.2981e-06
902.00   4.2994e-06
903.00   4.3007e-06
904.00   4.3020e-06
905.00   4.3033e-06
906.00   4.3046e-06
907.00   4.3059e-06
908.00   4.3072e-06
909.00   4.3085e-06
910.00   4.3097e-06
911.00   4.3110e-06
912.00   4.3123e-06
913.00   4.3135e-06
914.00   4.3148e-06
915.00   4.3161e-06
916.00   4.3173e-06
917.00   4.3186e-06
918.00   4.3198e-06
919.00   4.3210e-06
920.00   4.3223e-06
921.00   4.3235e-06
922.00   4.3247e-06
923.00   4.3260e-06
924.00   4.3272e-06
925.00   4.3284e-06
926.00   4.3296e-06
927.00   4.3308e-06
928.00   4.3320e-06
929.00   4.3332e-06
930.00   4.3344e-06
931.00   4.3356e-06
932.00   4.3368e-06
933.00   4.3380e-06
934.00   4.3391e-06
935.00   4.3403e-06
936.00   4.3415e-06
937.00   4.3426e-06
938.00   4.3438e-06
939.00   4.3449e-06
940.00   4.3461e-06
941.00   4.3472e-06
942.00   4.3483e-06
943.00   4.3495e-06
944.00   4.3506e-06
945.00   4.3517e-06
946.00   4.3528e-06
947.00   4.3539e-06
948.00   4.3550e-06
949.00   4.3561e-06
950.00   4.3572e-06
951.00   4.3583e-06
952.00   4.3593e-06
953.00   4.3604e-06
954.00   4.3615e-06
955.00   4.3625e-06
956.00   4.3636e-06
957.00   4.3646e-06
958.00   4.3657e-06
959.00   4.3667e-06
960.00   4.3677e-06
961.00   4.3687e-06
962.00   4.3698e-06
963.00   4.3708e-06
964.00   4.3718e-06
965.00   4.3727e-06
966.00   4.3737e-06
967.00   4.3747e-06
968.00   4.3757e-06
969.00   4.3766e-06
970.00   4.3776e-06
971.00   4.3785e-06
972.00   4.3795e-06
973.00   4.3804e-06
974.00   4.3813e-06
975.00   4.3823e-06
976.00   4.3832e-06
977.00   4.3841e-06
978.00   4.3850e-06
979.00   4.3859e-06
980.00   4.3867e-06
981.00   4.3876e-06
982.00   4.3885e-06
983.00   4.3893e-06
984.00   4.3902e-06
985.00   4.3910e-06
986.00   4.3918e-06
987.00   4.3927e-06
988.00   4.3935e-06
989.00   4.3943e-06
990.00   4.3951e-06
991.00   4.3959e-06
992.00   4.3966e-06
993.00   4.3974e-06
994.00   4.3982e-06
995.00   4.3989e-06
996.00   4.3997e-06
997.00   4.4004e-06
998.00   4.4011e-06
999.00   4.4018e-06
1000.00   4.4025e-06