0.00   0.0000e+00
1.00   6.6034e+00
2.00   4.5515e+01
3.00   1.3814e+02
4.00   2.9722e+02
5.00   5.2684e+02
6.00   8.2241e+02
7.00   1.1707e+03
8.00   1.5498e+03
9.00   1.9288e+03
10.00   2.3251e+03
11.00   2.7259e+03
12.00   3.1165e+03
13.00   3.4854e+03
14.00   3.8237e+03
15.00   4.1256e+03
16.00   4.3872e+03
17.00   4.6069e+03
18.00   4.7848e+03
19.00   4.9224e+03
20.00   5.0223e+03
21.00   5.0883e+03
22.00   5.1246e+03
23.00   5.1356e+03
24.00   5.1260e+03
25.00   5.1000e+03
26.00   5.0614e+03
27.00   5.0132e+03
28.00   4.9571e+03
29.00   4.8935e+03
30.00   4.8213e+03
31.00   4.7370e+03
32.00   4.6351e+03
33.00   4.5075e+03
34.00   4.3433e+03
35.00   4.1284e+03
36.00   3.9975e+03
37.00   3.8747e+03
38.00   3.7571e+03
39.00   3.6445e+03
40.00   3.5366e+03
41.00   3.4334e+03
42.00   3.3345e+03
43.00   3.2397e+03
44.00   3.1490e+03
45.00   3.0620e+03
46.00   2.9786e+03
47.00   2.8987e+03
48.00   2.8221e+03
49.00   2.7485e+03
50.00   2.6779e+03
51.00   2.6101e+03
52.00   2.5450e+03
53.00   2.4823e+03
54.00   2.4219e+03
55.00   2.3638e+03
56.00   2.3078e+03
57.00   2.2538e+03
58.00   2.2016e+03
59.00   2.1511e+03
60.00   2.1023e+03
61.00   2.0550e+03
62.00   2.0091e+03
63.00   1.9646e+03
64.00   1.9213e+03
65.00   1.8792e+03
66.00   1.8382e+03
67.00   1.7981e+03
68.00   1.7591e+03
69.00   1.7209e+03
70.00   1.6836e+03
71.00   1.6470e+03
72.00   1.6112e+03
73.00   1.5761e+03
74.00   1.5417e+03
75.00   1.5079e+03
76.00   1.4746e+03
77.00   1.4420e+03
78.00   1.4100e+03
79.00   1.3785e+03
80.00   1.3476e+03
81.00   1.3172e+03
82.00   1.2874e+03
83.00   1.2582e+03
84.00   1.2296e+03
85.00   1.2016e+03
86.00   1.1742e+03
87.00   1.1475e+03
88.00   1.1216e+03
89.00   1.0963e+03
90.00   1.0719e+03
91.00   1.0484e+03
92.00   1.0257e+03
93.00   1.0041e+03
94.00   9.8346e+02
95.00   9.6397e+02
96.00   9.4568e+02
97.00   9.2867e+02
98.00   9.1303e+02
99.00   8.9886e+02
100.00   8.8626e+02
101.00   8.6843e+02
102.00   8.5319e+02
103.00   8.3826e+02
104.00   8.2363e+02
105.00   8.0931e+02
106.00   7.9529e+02
107.00   7.8157e+02
108.00   7.6813e+02
109.00   7.5498e+02
110.00   7.4211e+02
111.00   7.2952e+02
112.00   7.1720e+02
113.00   7.0514e+02
114.00   6.9335e+02
115.00   6.8181e+02
116.00   6.7053e+02
117.00   6.5950e+02
118.00   6.4871e+02
119.00   6.3816e+02
120.00   6.2785e+02
121.00   6.1778e+02
122.00   6.0793e+02
123.00   5.9830e+02
124.00   5.8889e+02
125.00   5.7970e+02
126.00   5.7072e+02
127.00   5.6195e+02
128.00   5.5339e+02
129.00   5.4502e+02
130.00   5.3685e+02
131.00   5.2887e+02
132.00   5.2108e+02
133.00   5.1347e+02
134.00   5.0605e+02
135.00   4.9880e+02
136.00   4.9173e+02
137.00   4.8482e+02
138.00   4.7809e+02
139.00   4.7151e+02
140.00   4.6510e+02
141.00   4.5884e+02
142.00   4.5274e+02
143.00   4.4678e+02
144.00   4.4097e+02
145.00   4.3530e+02
146.00   4.2978e+02
147.00   4.2438e+02
148.00   4.1913e+02
149.00   4.1400e+02
150.00   4.0900e+02
151.00   4.0412e+02
152.00   3.9937e+02
153.00   3.9473e+02
154.00   3.9021e+02
155.00   3.8580e+02
156.00   3.8150e+02
157.00   3.7730e+02
158.00   3.7321e+02
159.00   3.6922e+02
160.00   3.6533e+02
161.00   3.6153e+02
162.00   3.5783e+02
163.00   3.5422e+02
164.00   3.5069e+02
165.00   3.4725e+02
166.00   3.4390e+02
167.00   3.4062e+02
168.00   3.3742e+02
169.00   3.3430e+02
170.00   3.3125e+02
171.00   3.2827e+02
172.00   3.2536e+02
173.00   3.2252e+02
174.00   3.1974e+02
175.00   3.1703e+02
176.00   3.1437e+02
177.00   3.1177e+02
178.00   3.0923e+02
179.00   3.0675e+02
180.00   3.0431e+02
181.00   3.0193e+02
182.00   2.9959e+02
183.00   2.9731e+02
184.00   2.9506e+02
185.00   2.9286e+02
186.00   2.9071e+02
187.00   2.8859e+02
188.00   2.8651e+02
189.00   2.8446e+02
190.00   2.8246e+02
191.00   2.8048e+02
192.00   2.7854e+02
193.00   2.7663e+02
194.00   2.7475e+02
195.00   2.7289e+02
196.00   2.7106e+02
197.00   2.6926e+02
198.00   2.6749e+02
199.00   2.6573e+02
200.00   2.6400e+02
201.00   2.6229e+02
202.00   2.6059e+02
203.00   2.5892e+02
204.00   2.5727e+02
205.00   2.5563e+02
206.00   2.5400e+02
207.00   2.5239e+02
208.00   2.5080e+02
209.00   2.4922e+02
210.00   2.4765e+02
211.00   2.4609e+02
212.00   2.4455e+02
213.00   2.4301e+02
214.00   2.4148e+02
215.00   2.3997e+02
216.00   2.3846e+02
217.00   2.3696e+02
218.00   2.3547e+02
219.00   2.3398e+02
220.00   2.3250e+02
221.00   2.3103e+02
222.00   2.2956e+02
223.00   2.2810e+02
224.00   2.2665e+02
225.00   2.2520e+02
226.00   2.2376e+02
227.00   2.2232e+02
228.00   2.2089e+02
229.00   2.1946e+02
230.00   2.1804e+02
231.00   2.1662e+02
232.00   2.1521e+02
233.00   2.1380e+02
234.00   2.1240e+02
235.00   2.1100e+02
236.00   2.0961e+02
237.00   2.0823e+02
238.00   2.0685e+02
239.00   2.0548e+02
240.00   2.0412e+02
241.00   2.0276e+02
242.00   2.0141e+02
243.00   2.0008e+02
244.00   1.9875e+02
245.00   1.9743e+02
246.00   1.9612e+02
247.00   1.9482e+02
248.00   1.9353e+02
249.00   1.9226e+02
250.00   1.9100e+02
251.00   1.8975e+02
252.00   1.8852e+02
253.00   1.8730e+02
254.00   1.8610e+02
255.00   1.8492e+02
256.00   1.8376e+02
257.00   1.8261e+02
258.00   1.8149e+02
259.00   1.8039e+02
260.00   1.7931e+02
261.00   1.7826e+02
262.00   1.7723e+02
263.00   1.7623e+02
264.00   1.7526e+02
265.00   1.7431e+02
266.00   1.7340e+02
267.00   1.7252e+02
268.00   1.7167e+02
269.00   1.7086e+02
270.00   1.7008e+02
271.00   1.6935e+02
272.00   1.6865e+02
273.00   1.6800e+02
274.00   1.6739e+02
275.00   1.6656e+02
276.00   1.6573e+02
277.00   1.6491e+02
278.00   1.6410e+02
279.00   1.6329e+02
280.00   1.6249e+02
281.00   1.6169e+02
282.00   1.6090e+02
283.00   1.6011e+02
284.00   1.5933e+02
285.00   1.5856e+02
286.00   1.5779e+02
287.00   1.5703e+02
288.00   1.5627e+02
289.00   1.5552e+02
290.00   1.5478e+02
291.00   1.5404e+02
292.00   1.5330e+02
293.00   1.5257e+02
294.00   1.5185e+02
295.00   1.5113e+02
296.00   1.5042e+02
297.00   1.4971e+02
298.00   1.4901e+02
299.00   1.4831e+02
300.00   1.4762e+02
301.00   1.4693e+02
302.00   1.4625e+02
303.00   1.4557e+02
304.00   1.4490e+02
305.00   1.4424e+02
306.00   1.4358e+02
307.00   1.4292e+02
308.00   1.4227e+02
309.00   1.4162e+02
310.00   1.4098e+02
311.00   1.4034e+02
312.00   1.3971e+02
313.00   1.3909e+02
314.00   1.3846e+02
315.00   1.3785e+02
316.00   1.3723e+02
317.00   1.3662e+02
318.00   1.3602e+02
319.00   1.3542e+02
320.00   1.3483e+02
321.00   1.3424e+02
322.00   1.3365e+02
323.00   1.3307e+02
324.00   1.3249e+02
325.00   1.3192e+02
326.00   1.3135e+02
327.00   1.3079e+02
328.00   1.3023e+02
329.00   1.2967e+02
330.00   1.2912e+02
331.00   1.2857e+02
332.00   1.2803e+02
333.00   1.2749e+02
334.00   1.2696e+02
335.00   1.2643e+02
336.00   1.2590e+02
337.00   1.2538e+02
338.00   1.2486e+02
339.00   1.2435e+02
340.00   1.2383e+02
341.00   1.2333e+02
342.00   1.2282e+02
343.00   1.2233e+02
344.00   1.2183e+02
345.00   1.2134e+02
346.00   1.2085e+02
347.00   1.2037e+02
348.00   1.1989e+02
349.00   1.1941e+02
350.00   1.1894e+02
351.00   1.1847e+02
352.00   1.1800e+02
353.00   1.1754e+02
354.00   1.1708e+02
355.00   1.1662e+02
356.00   1.1617e+02
357.00   1.1572e+02
358.00   1.1528e+02
359.00   1.1484e+02
360.00   1.1440e+02
361.00   1.1396e+02
362.00   1.1353e+02
363.00   1.1310e+02
364.00   1.1268e+02
365.00   1.1226e+02
366.00   1.1184e+02
367.00   1.1142e+02
368.00   1.1101e+02
369.00   1.1060e+02
370.00   1.1019e+02
371.00   1.0979e+02
372.00   1.0939e+02
373.00   1.0899e+02
374.00   1.0860e+02
375.00   1.0821e+02
376.00   1.0782e+02
377.00   1.0743e+02
378.00   1.0705e+02
379.00   1.0667e+02
380.00   1.0629e+02
381.00   1.0592e+02
382.00   1.0555e+02
383.00   1.0518e+02
384.00   1.0481e+02
385.00   1.0445e+02
386.00   1.0409e+02
387.00   1.0373e+02
388.00   1.0338e+02
389.00   1.0303e+02
390.00   1.0268e+02
391.00   1.0233e+02
392.00   1.0199e+02
393.00   1.0164e+02
394.00   1.0131e+02
395.00   1.0097e+02
396.00   1.0063e+02
397.00   1.0030e+02
398.00   9.9973e+01
399.00   9.9646e+01
400.00   9.9322e+01
401.00   9.9000e+01
402.00   9.8680e+01
403.00   9.8362e+01
404.00   9.8047e+01
405.00   9.7734e+01
406.00   9.7424e+01
407.00   9.7116e+01
408.00   9.6809e+01
409.00   9.6506e+01
410.00   9.6204e+01
411.00   9.5905e+01
412.00   9.5607e+01
413.00   9.5312e+01
414.00   9.5019e+01
415.00   9.4728e+01
416.00   9.4439e+01
417.00   9.4152e+01
418.00   9.3868e+01
419.00   9.3585e+01
420.00   9.3304e+01
421.00   9.3025e+01
422.00   9.2749e+01
423.00   9.2474e+01
424.00   9.2201e+01
425.00   9.1930e+01
426.00   9.1661e+01
427.00   9.1394e+01
428.00   9.1128e+01
429.00   9.0865e+01
430.00   9.0603e+01
431.00   9.0343e+01
432.00   9.0085e+01
433.00   8.9829e+01
434.00   8.9575e+01
435.00   8.9322e+01
436.00   8.9071e+01
437.00   8.8821e+01
438.00   8.8574e+01
439.00   8.8328e+01
440.00   8.8083e+01
441.00   8.7841e+01
442.00   8.7600e+01
443.00   8.7360e+01
444.00   8.7122e+01
445.00   8.6886e+01
446.00   8.6651e+01
447.00   8.6418e+01
448.00   8.6187e+01
449.00   8.5957e+01
450.00   8.5728e+01
451.00   8.5501e+01
452.00   8.5275e+01
453.00   8.5051e+01
454.00   8.4828e+01
455.00   8.4607e+01
456.00   8.4387e+01
457.00   8.4168e+01
458.00   8.3951e+01
459.00   8.3736e+01
460.00   8.3521e+01
461.00   8.3308e+01
462.00   8.3096e+01
463.00   8.2886e+01
464.00   8.2677e+01
465.00   8.2469e+01
466.00   8.2262e+01
467.00   8.2057e+01
468.00   8.1853e+01
469.00   8.1650e+01
470.00   8.1449e+01
471.00   8.1248e+01
472.00   8.1049e+01
473.00   8.0851e+01
474.00   8.0654e+01
475.00   8.0459e+01
476.00   8.0264e+01
477.00   8.0071e+01
478.00   7.9878e+01
479.00   7.9687e+01
480.00   7.9497e+01
481.00   7.9308e+01
482.00   7.9120e+01
483.00   7.8933e+01
484.00   7.8748e+01
485.00   7.8563e+01
486.00   7.8379e+01
487.00   7.8196e+01
488.00   7.8015e+01
489.00   7.7834e+01
490.00   7.7654e+01
491.00   7.7475e+01
492.00   7.7298e+01
493.00   7.7121e+01
494.00   7.6945e+01
495.00   7.6770e+01
496.00   7.6596e+01
497.00   7.6422e+01
498.00   7.6250e+01
499.00   7.6079e+01
500.00   7.5908e+01
501.00   7.5739e+01
502.00   7.5570e+01
503.00   7.5402e+01
504.00   7.5235e+01
505.00   7.5068e+01
506.00   7.4903e+01
507.00   7.4738e+01
508.00   7.4574e+01
509.00   7.4411e+01
510.00   7.4249e+01
511.00   7.4087e+01
512.00   7.3927e+01
513.00   7.3767e+01
514.00   7.3607e+01
515.00   7.3449e+01
516.00   7.3291e+01
517.00   7.3134e+01
518.00   7.2978e+01
519.00   7.2822e+01
520.00   7.2667e+01
521.00   7.2513e+01
522.00   7.2359e+01
523.00   7.2206e+01
524.00   7.2054e+01
525.00   7.1902e+01
526.00   7.1751e+01
527.00   7.1601e+01
528.00   7.1451e+01
529.00   7.1302e+01
530.00   7.1153e+01
531.00   7.1005e+01
532.00   7.0858e+01
533.00   7.0711e+01
534.00   7.0565e+01
535.00   7.0419e+01
536.00   7.0275e+01
537.00   7.0130e+01
538.00   6.9986e+01
539.00   6.9843e+01
540.00   6.9700e+01
541.00   6.9558e+01
542.00   6.9416e+01
543.00   6.9275e+01
544.00   6.9134e+01
545.00   6.8994e+01
546.00   6.8854e+01
547.00   6.8715e+01
548.00   6.8577e+01
549.00   6.8438e+01
550.00   6.8301e+01
551.00   6.8163e+01
552.00   6.8027e+01
553.00   6.7890e+01
554.00   6.7754e+01
555.00   6.7619e+01
556.00   6.7484e+01
557.00   6.7349e+01
558.00   6.7215e+01
559.00   6.7082e+01
560.00   6.6948e+01
561.00   6.6816e+01
562.00   6.6683e+01
563.00   6.6551e+01
564.00   6.6419e+01
565.00   6.6288e+01
566.00   6.6157e+01
567.00   6.6027e+01
568.00   6.5897e+01
569.00   6.5767e+01
570.00   6.5638e+01
571.00   6.5509e+01
572.00   6.5380e+01
573.00   6.5252e+01
574.00   6.5124e+01
575.00   6.4997e+01
576.00   6.4870e+01
577.00   6.4743e+01
578.00   6.4616e+01
579.00   6.4490e+01
580.00   6.4364e+01
581.00   6.4239e+01
582.00   6.4114e+01
583.00   6.3989e+01
584.00   6.3864e+01
585.00   6.3740e+01
586.00   6.3616e+01
587.00   6.3492e+01
588.00   6.3369e+01
589.00   6.3246e+01
590.00   6.3123e+01
591.00   6.3001e+01
592.00   6.2879e+01
593.00   6.2757e+01
594.00   6.2635e+01
595.00   6.2514e+01
596.00   6.2393e+01
597.00   6.2272e+01
598.00   6.2152e+01
599.00   6.2032e+01
600.00   6.1912e+01
601.00   6.1792e+01
602.00   6.1672e+01
603.00   6.1553e+01
604.00   6.1434e+01
605.00   6.1316e+01
606.00   6.1197e+01
607.00   6.1079e+01
608.00   6.0961e+01
609.00   6.0843e+01
610.00   6.0726e+01
611.00   6.0608e+01
612.00   6.0491e+01
613.00   6.0375e+01
614.00   6.0258e+01
615.00   6.0142e+01
616.00   6.0026e+01
617.00   5.9910e+01
618.00   5.9794e+01
619.00   5.9679e+01
620.00   5.9563e+01
621.00   5.9448e+01
622.00   5.9334e+01
623.00   5.9219e+01
624.00   5.9105e+01
625.00   5.8990e+01
626.00   5.8876e+01
627.00   5.8763e+01
628.00   5.8649e+01
629.00   5.8536e+01
630.00   5.8423e+01
631.00   5.8310e+01
632.00   5.8197e+01
633.00   5.8084e+01
634.00   5.7972e+01
635.00   5.7860e+01
636.00   5.7748e+01
637.00   5.7636e+01
638.00   5.7525e+01
639.00   5.7413e+01
640.00   5.7302e+01
641.00   5.7191e+01
642.00   5.7080e+01
643.00   5.6969e+01
644.00   5.6859e+01
645.00   5.6749e+01
646.00   5.6639e+01
647.00   5.6529e+01
648.00   5.6419e+01
649.00   5.6310e+01
650.00   5.6200e+01
651.00   5.6091e+01
652.00   5.5982e+01
653.00   5.5873e+01
654.00   5.5765e+01
655.00   5.5656e+01
656.00   5.5548e+01
657.00   5.5440e+01
658.00   5.5332e+01
659.00   5.5224e+01
660.00   5.5117e+01
661.00   5.5009e+01
662.00   5.4902e+01
663.00   5.4795e+01
664.00   5.4688e+01
665.00   5.4582e+01
666.00   5.4475e+01
667.00   5.4369e+01
668.00   5.4263e+01
669.00   5.4157e+01
670.00   5.4051e+01
671.00   5.3945e+01
672.00   5.3840e+01
673.00   5.3735e+01
674.00   5.3630e+01
675.00   5.3525e+01
676.00   5.3420e+01
677.00   5.3316e+01
678.00   5.3211e+01
679.00   5.3107e+01
680.00   5.3003e+01
681.00   5.2899e+01
682.00   5.2796e+01
683.00   5.2692e+01
684.00   5.2589e+01
685.00   5.2486e+01
686.00   5.2383e+01
687.00   5.2280e+01
688.00   5.2178e+01
689.00   5.2076e+01
690.00   5.1973e+01
691.00   5.1871e+01
692.00   5.1770e+01
693.00   5.1668e+01
694.00   5.1567e+01
695.00   5.1465e+01
696.00   5.1364e+01
697.00   5.1264e+01
698.00   5.1163e+01
699.00   5.1063e+01
700.00   5.0962e+01
701.00   5.0862e+01
702.00   5.0762e+01
703.00   5.0663e+01
704.00   5.0563e+01
705.00   5.0464e+01
706.00   5.0365e+01
707.00   5.0266e+01
708.00   5.0167e+01
709.00   5.0069e+01
710.00   4.9970e+01
711.00   4.9872e+01
712.00   4.9774e+01
713.00   4.9677e+01
714.00   4.9579e+01
715.00   4.9482e+01
716.00   4.9385e+01
717.00   4.9288e+01
718.00   4.9191e+01
719.00   4.9095e+01
720.00   4.8998e+01
721.00   4.8902e+01
722.00   4.8807e+01
723.00   4.8711e+01
724.00   4.8616e+01
725.00   4.8520e+01
726.00   4.8425e+01
727.00   4.8331e+01
728.00   4.8236e+01
729.00   4.8142e+01
730.00   4.8048e+01
731.00   4.7954e+01
732.00   4.7860e+01
733.00   4.7767e+01
734.00   4.7674e+01
735.00   4.7581e+01
736.00   4.7488e+01
737.00   4.7395e+01
738.00   4.7303e+01
739.00   4.7211e+01
740.00   4.7119e+01
741.00   4.7028e+01
742.00   4.6936e+01
743.00   4.6845e+01
744.00   4.6754e+01
745.00   4.6663e+01
746.00   4.6573e+01
747.00   4.6483e+01
748.00   4.6393e+01
749.00   4.6303e+01
750.00   4.6214e+01
751.00   4.6125e+01
752.00   4.6036e+01
753.00   4.5947e+01
754.00   4.5858e+01
755.00   4.5770e+01
756.00   4.5682e+01
757.00   4.5595e+01
758.00   4.5507e+01
759.00   4.5420e+01
760.00   4.5333e+01
761.00   4.5246e+01
762.00   4.5160e+01
763.00   4.5074e+01
764.00   4.4988e+01
765.00   4.4902e+01
766.00   4.4817e+01
767.00   4.4732e+01
768.00   4.4647e+01
769.00   4.4562e+01
770.00   4.4478e+01
771.00   4.4394e+01
772.00   4.4310e+01
773.00   4.4226e+01
774.00   4.4143e+01
775.00   4.4060e+01
776.00   4.3977e+01
777.00   4.3895e+01
778.00   4.3813e+01
779.00   4.3731e+01
780.00   4.3649e+01
781.00   4.3568e+01
782.00   4.3487e+01
783.00   4.3406e+01
784.00   4.3325e+01
785.00   4.3245e+01
786.00   4.3165e+01
787.00   4.3085e+01
788.00   4.3006e+01
789.00   4.2927e+01
790.00   4.2848e+01
791.00   4.2770e+01
792.00   4.2691e+01
793.00   4.2613e+01
794.00   4.2536e+01
795.00   4.2458e+01
796.00   4.2381e+01
797.00   4.2304e+01
798.00   4.2228e+01
799.00   4.2152e+01
800.00   4.2076e+01
801.00   4.2000e+01
802.00   4.1925e+01
803.00   4.1849e+01
804.00   4.1775e+01
805.00   4.1700e+01
806.00   4.1626e+01
807.00   4.1552e+01
808.00   4.1479e+01
809.00   4.1405e+01
810.00   4.1332e+01
811.00   4.1260e+01
812.00   4.1187e+01
813.00   4.1115e+01
814.00   4.1043e+01
815.00   4.0972e+01
816.00   4.0900e+01
817.00   4.0830e+01
818.00   4.0759e+01
819.00   4.0689e+01
820.00   4.0619e+01
821.00   4.0549e+01
822.00   4.0479e+01
823.00   4.0410e+01
824.00   4.0342e+01
825.00   4.0273e+01
826.00   4.0205e+01
827.00   4.0137e+01
828.00   4.0069e+01
829.00   4.0002e+01
830.00   3.9935e+01
831.00   3.9868e+01
832.00   3.9802e+01
833.00   3.9736e+01
834.00   3.9670e+01
835.00   3.9604e+01
836.00   3.9539e+01
837.00   3.9474e+01
838.00   3.9409e+01
839.00   3.9345e+01
840.00   3.9281e+01
841.00   3.9217e+01
842.00   3.9154e+01
843.00   3.9091e+01
844.00   3.9028e+01
845.00   3.8965e+01
846.00   3.8903e+01
847.00   3.8841e+01
848.00   3.8779e+01
849.00   3.8718e+01
850.00   3.8657e+01
851.00   3.8596e+01
852.00   3.8535e+01
853.00   3.8475e+01
854.00   3.8415e+01
855.00   3.8355e+01
856.00   3.8296e+01
857.00   3.8237e+01
858.00   3.8178e+01
859.00   3.8119e+01
860.00   3.8061e+01
861.00   3.8003e+01
862.00   3.7945e+01
863.00   3.7888e+01
864.00   3.7831e+01
865.00   3.7774e+01
866.00   3.7717e+01
867.00   3.7661e+01
868.00   3.7605e+01
869.00   3.7549e+01
870.00   3.7493e+01
871.00   3.7438e+01
872.00   3.7383e+01
873.00   3.7328e+01
874.00   3.7274e+01
875.00   3.7219e+01
876.00   3.7165e+01
877.00   3.7111e+01
878.00   3.7058e+01
879.00   3.7005e+01
880.00   3.6952e+01
881.00   3.6899e+01
882.00   3.6846e+01
883.00   3.6794e+01
884.00   3.6742e+01
885.00   3.6690e+01
886.00   3.6638e+01
887.00   3.6587e+01
888.00   3.6536e+01
889.00   3.6485e+01
890.00   3.6434e+01
891.00   3.6384e+01
892.00   3.6333e+01
893.00   3.6283e+01
894.00   3.6233e+01
895.00   3.6184e+01
896.00   3.6134e+01
897.00   3.6085e+01
898.00   3.6036e+01
899.00   3.5987e+01
900.00   3.5939e+01
901.00   3.5890e+01
902.00   3.5842e+01
903.00   3.5794e+01
904.00   3.5746e+01
905.00   3.5698e+01
906.00   3.5650e+01
907.00   3.5603e+01
908.00   3.5556e+01
909.00   3.5509e+01
910.00   3.5462e+01
911.00   3.5415e+01
912.00   3.5368e+01
913.00   3.5322e+01
914.00   3.5275e+01
915.00   3.5229e+01
916.00   3.5183e+01
917.00   3.5137e+01
918.00   3.5091e+01
919.00   3.5045e+01
920.00   3.5000e+01
921.00   3.4954e+01
922.00   3.4909e+01
923.00   3.4863e+01
924.00   3.4818e+01
925.00   3.4773e+01
926.00   3.4728e+01
927.00   3.4683e+01
928.00   3.4638e+01
929.00   3.4593e+01
930.00   3.4549e+01
931.00   3.4504e+01
932.00   3.4459e+01
933.00   3.4415e+01
934.00   3.4370e+01
935.00   3.4326e+01
936.00   3.4281e+01
937.00   3.4237e+01
938.00   3.4192e+01
939.00   3.4148e+01
940.00   3.4104e+01
941.00   3.4059e+01
942.00   3.4015e+01
943.00   3.3971e+01
944.00   3.3926e+01
945.00   3.3882e+01
946.00   3.3837e+01
947.00   3.3793e+01
948.00   3.3748e+01
949.00   3.3704e+01
950.00   3.3659e+01
951.00   3.3615e+01
952.00   3.3570e+01
953.00   3.3525e+01
954.00   3.3480e+01
955.00   3.3435e+01
956.00   3.3390e+01
957.00   3.3345e+01
958.00   3.3300e+01
959.00   3.3254e+01
960.00   3.3209e+01
961.00   3.3163e+01
962.00   3.3118e+01
963.00   3.3072e+01
964.00   3.3026e+01
965.00   3.2979e+01
966.00   3.2933e+01
967.00   3.2887e+01
968.00   3.2840e+01
969.00   3.2793e+01
970.00   3.2746e+01
971.00   3.2699e+01
972.00   3.2651e+01
973.00   3.2603e+01
974.00   3.2555e+01
975.00   3.2507e+01
976.00   3.2459e+01
977.00   3.2410e+01
978.00   3.2361e+01
979.00   3.2312e+01
980.00   3.2262e+01
981.00   3.2212e+01
982.00   3.2162e+01
983.00   3.2112e+01
984.00   3.2061e+01
985.00   3.2010e+01
986.00   3.1958e+01
987.00   3.1907e+01
988.00   3.1854e+01
989.00   3.1802e+01
990.00   3.1749e+01
991.00   3.1696e+01
992.00   3.1642e+01
993.00   3.1588e+01
994.00   3.1533e+01
995.00   3.1479e+01
996.00   3.1423e+01
997.00   3.1367e+01
998.00   3.1311e+01
999.00   3.1254e+01
1000.00   3.1197e+01
1001.00   3.1174e+01
1002.00   3.1132e+01
1003.00   3.1090e+01
1004.00   3.1048e+01
1005.00   3.1006e+01
1006.00   3.0965e+01
1007.00   3.0924e+01
1008.00   3.0883e+01
1009.00   3.0842e+01
1010.00   3.0801e+01
1011.00   3.0761e+01
1012.00   3.0720e+01
1013.00   3.0680e+01
1014.00   3.0640e+01
1015.00   3.0601e+01
1016.00   3.0561e+01
1017.00   3.0522e+01
1018.00   3.0482e+01
1019.00   3.0443e+01
1020.00   3.0405e+01
1021.00   3.0366e+01
1022.00   3.0328e+01
1023.00   3.0289e+01
1024.00   3.0251e+01
1025.00   3.0214e+01
1026.00   3.0176e+01
1027.00   3.0138e+01
1028.00   3.0101e+01
1029.00   3.0064e+01
1030.00   3.0027e+01
1031.00   2.9990e+01
1032.00   2.9954e+01
1033.00   2.9917e+01
1034.00   2.9881e+01
1035.00   2.9845e+01
1036.00   2.9809e+01
1037.00   2.9773e+01
1038.00   2.9738e+01
1039.00   2.9702e+01
1040.00   2.9667e+01
1041.00   2.9632e+01
1042.00   2.9597e+01
1043.00   2.9562e+01
1044.00   2.9528e+01
1045.00   2.9494e+01
1046.00   2.9459e+01
1047.00   2.9425e+01
1048.00   2.9391e+01
1049.00   2.9358e+01
1050.00   2.9324e+01
1051.00   2.9291e+01
1052.00   2.9258e+01
1053.00   2.9225e+01
1054.00   2.9192e+01
1055.00   2.9159e+01
1056.00   2.9126e+01
1057.00   2.9094e+01
1058.00   2.9062e+01
1059.00   2.9030e+01
1060.00   2.8998e+01
1061.00   2.8966e+01
1062.00   2.8934e+01
1063.00   2.8903e+01
1064.00   2.8871e+01
1065.00   2.8840e+01
1066.00   2.8809e+01
1067.00   2.8778e+01
1068.00   2.8748e+01
1069.00   2.8717e+01
1070.00   2.8687e+01
1071.00   2.8656e+01
1072.00   2.8626e+01
1073.00   2.8596e+01
1074.00   2.8566e+01
1075.00   2.8537e+01
1076.00   2.8507e+01
1077.00   2.8478e+01
1078.00   2.8448e+01
1079.00   2.8419e+01
1080.00   2.8390e+01
1081.00   2.8362e+01
1082.00   2.8333e+01
1083.00   2.8304e+01
1084.00   2.8276e+01
1085.00   2.8248e+01
1086.00   2.8219e+01
1087.00   2.8191e+01
1088.00   2.8164e+01
1089.00   2.8136e+01
1090.00   2.8108e+01
1091.00   2.8081e+01
1092.00   2.8054e+01
1093.00   2.8026e+01
1094.00   2.7999e+01
1095.00   2.7972e+01
1096.00   2.7946e+01
1097.00   2.7919e+01
1098.00   2.7892e+01
1099.00   2.7866e+01
1100.00   2.7840e+01
1101.00   2.7814e+01
1102.00   2.7788e+01
1103.00   2.7762e+01
1104.00   2.7736e+01
1105.00   2.7710e+01
1106.00   2.7685e+01
1107.00   2.7659e+01
1108.00   2.7634e+01
1109.00   2.7609e+01
1110.00   2.7584e+01
1111.00   2.7559e+01
1112.00   2.7534e+01
1113.00   2.7510e+01
1114.00   2.7485e+01
1115.00   2.7461e+01
1116.00   2.7436e+01
1117.00   2.7412e+01
1118.00   2.7388e+01
1119.00   2.7364e+01
1120.00   2.7340e+01
1121.00   2.7317e+01
1122.00   2.7293e+01
1123.00   2.7269e+01
1124.00   2.7246e+01
1125.00   2.7223e+01
1126.00   2.7200e+01
1127.00   2.7177e+01
1128.00   2.7154e+01
1129.00   2.7131e+01
1130.00   2.7108e+01
1131.00   2.7086e+01
1132.00   2.7063e+01
1133.00   2.7041e+01
1134.00   2.7018e+01
1135.00   2.6996e+01
1136.00   2.6974e+01
1137.00   2.6952e+01
1138.00   2.6930e+01
1139.00   2.6909e+01
1140.00   2.6887e+01
1141.00   2.6865e+01
1142.00   2.6844e+01
1143.00   2.6823e+01
1144.00   2.6801e+01
1145.00   2.6780e+01
1146.00   2.6759e+01
1147.00   2.6738e+01
1148.00   2.6718e+01
1149.00   2.6697e+01
1150.00   2.6676e+01
1151.00   2.6656e+01
1152.00   2.6635e+01
1153.00   2.6615e+01
1154.00   2.6595e+01
1155.00   2.6575e+01
1156.00   2.6554e+01
1157.00   2.6535e+01
1158.00   2.6515e+01
1159.00   2.6495e+01
1160.00   2.6475e+01
1161.00   2.6456e+01
1162.00   2.6436e+01
1163.00   2.6417e+01
1164.00   2.6397e+01
1165.00   2.6378e+01
1166.00   2.6359e+01
1167.00   2.6340e+01
1168.00   2.6321e+01
1169.00   2.6302e+01
1170.00   2.6283e+01
1171.00   2.6265e+01
1172.00   2.6246e+01
1173.00   2.6228e+01
1174.00   2.6209e+01
1175.00   2.6191e+01
1176.00   2.6173e+01
1177.00   2.6154e+01
1178.00   2.6136e+01
1179.00   2.6118e+01
1180.00   2.6100e+01
1181.00   2.6083e+01
1182.00   2.6065e+01
1183.00   2.6047e+01
1184.00   2.6030e+01
1185.00   2.6012e+01
1186.00   2.5995e+01
1187.00   2.5977e+01
1188.00   2.5960e+01
1189.00   2.5943e+01
1190.00   2.5926e+01
1191.00   2.5909e+01
1192.00   2.5892e+01
1193.00   2.5875e+01
1194.00   2.5858e+01
1195.00   2.5841e+01
1196.00   2.5824e+01
1197.00   2.5808e+01
1198.00   2.5791e+01
1199.00   2.5775e+01
1200.00   2.5758e+01
1201.00   2.5742e+01
1202.00   2.5726e+01
1203.00   2.5710e+01
1204.00   2.5694e+01
1205.00   2.5678e+01
1206.00   2.5662e+01
1207.00   2.5646e+01
1208.00   2.5630e+01
1209.00   2.5614e+01
1210.00   2.5599e+01
1211.00   2.5583e+01
1212.00   2.5567e+01
1213.00   2.5552e+01
1214.00   2.5537e+01
1215.00   2.5521e+01
1216.00   2.5506e+01
1217.00   2.5491e+01
1218.00   2.5476e+01
1219.00   2.5461e+01
1220.00   2.5446e+01
1221.00   2.5431e+01
1222.00   2.5416e+01
1223.00   2.5401e+01
1224.00   2.5386e+01
1225.00   2.5371e+01
1226.00   2.5357e+01
1227.00   2.5342e+01
1228.00   2.5328e+01
1229.00   2.5313e+01
1230.00   2.5299e+01
1231.00   2.5285e+01
1232.00   2.5270e+01
1233.00   2.5256e+01
1234.00   2.5242e+01
1235.00   2.5228e+01
1236.00   2.5214e+01
1237.00   2.5200e+01
1238.00   2.5186e+01
1239.00   2.5172e+01
1240.00   2.5158e+01
1241.00   2.5144e+01
1242.00   2.5131e+01
1243.00   2.5117e+01
1244.00   2.5103e+01
1245.00   2.5090e+01
1246.00   2.5076e+01
1247.00   2.5063e+01
1248.00   2.5050e+01
1249.00   2.5036e+01
1250.00   2.5023e+01
1251.00   2.5010e+01
1252.00   2.4997e+01
1253.00   2.4984e+01
1254.00   2.4970e+01
1255.00   2.4957e+01
1256.00   2.4944e+01
1257.00   2.4932e+01
1258.00   2.4919e+01
1259.00   2.4906e+01
1260.00   2.4893e+01
1261.00   2.4880e+01
1262.00   2.4868e+01
1263.00   2.4855e+01
1264.00   2.4842e+01
1265.00   2.4830e+01
1266.00   2.4817e+01
1267.00   2.4805e+01
1268.00   2.4793e+01
1269.00   2.4780e+01
1270.00   2.4768e+01
1271.00   2.4756e+01
1272.00   2.4743e+01
1273.00   2.4731e+01
1274.00   2.4719e+01
1275.00   2.4707e+01
1276.00   2.4695e+01
1277.00   2.4683e+01
1278.00   2.4671e+01
1279.00   2.4659e+01
1280.00   2.4647e+01
1281.00   2.4635e+01
1282.00   2.4624e+01
1283.00   2.4612e+01
1284.00   2.4600e+01
1285.00   2.4589e+01
1286.00   2.4577e+01
1287.00   2.4565e+01
1288.00   2.4554e+01
1289.00   2.4542e+01
1290.00   2.4531e+01
1291.00   2.4519e+01
1292.00   2.4508e+01
1293.00   2.4497e+01
1294.00   2.4485e+01
1295.00   2.4474e+01
1296.00   2.4463e+01
1297.00   2.4452e+01
1298.00   2.4440e+01
1299.00   2.4429e+01
1300.00   2.4418e+01
1301.00   2.4407e+01
1302.00   2.4396e+01
1303.00   2.4385e+01
1304.00   2.4374e+01
1305.00   2.4363e+01
1306.00   2.4352e+01
1307.00   2.4342e+01
1308.00   2.4331e+01
1309.00   2.4320e+01
1310.00   2.4309e+01
1311.00   2.4299e+01
1312.00   2.4288e+01
1313.00   2.4277e+01
1314.00   2.4267e+01
1315.00   2.4256e+01
1316.00   2.4246e+01
1317.00   2.4235e+01
1318.00   2.4225e+01
1319.00   2.4214e+01
1320.00   2.4204e+01
1321.00   2.4193e+01
1322.00   2.4183e+01
1323.00   2.4173e+01
1324.00   2.4162e+01
1325.00   2.4152e+01
1326.00   2.4142e+01
1327.00   2.4132e+01
1328.00   2.4121e+01
1329.00   2.4111e+01
1330.00   2.4101e+01
1331.00   2.4091e+01
1332.00   2.4081e+01
1333.00   2.4071e+01
1334.00   2.4061e+01
1335.00   2.4051e+01
1336.00   2.4041e+01
1337.00   2.4031e+01
1338.00   2.4021e+01
1339.00   2.4011e+01
1340.00   2.4001e+01
1341.00   2.3992e+01
1342.00   2.3982e+01
1343.00   2.3972e+01
1344.00   2.3962e+01
1345.00   2.3953e+01
1346.00   2.3943e+01
1347.00   2.3933e+01
1348.00   2.3924e+01
1349.00   2.3914e+01
1350.00   2.3904e+01
1351.00   2.3895e+01
1352.00   2.3885e+01
1353.00   2.3876e+01
1354.00   2.3866e+01
1355.00   2.3857e+01
1356.00   2.3847e+01
1357.00   2.3838e+01
1358.00   2.3829e+01
1359.00   2.3819e+01
1360.00   2.3810e+01
1361.00   2.3801e+01
1362.00   2.3791e+01
1363.00   2.3782e+01
1364.00   2.3773e+01
1365.00   2.3764e+01
1366.00   2.3754e+01
1367.00   2.3745e+01
1368.00   2.3736e+01
1369.00   2.3727e+01
1370.00   2.3718e+01
1371.00   2.3709e+01
1372.00   2.3700e+01
1373.00   2.3691e+01
1374.00   2.3682e+01
1375.00   2.3673e+01
1376.00   2.3664e+01
1377.00   2.3655e+01
1378.00   2.3646e+01
1379.00   2.3637e+01
1380.00   2.3628e+01
1381.00   2.3619e+01
1382.00   2.3610e+01
1383.00   2.3601e+01
1384.00   2.3592e+01
1385.00   2.3584e+01
1386.00   2.3575e+01
1387.00   2.3566e+01
1388.00   2.3557e+01
1389.00   2.3549e+01
1390.00   2.3540e+01
1391.00   2.3531e+01
1392.00   2.3522e+01
1393.00   2.3514e+01
1394.00   2.3505e+01
1395.00   2.3497e+01
1396.00   2.3488e+01
1397.00   2.3479e+01
1398.00   2.3471e+01
1399.00   2.3462e+01
1400.00   2.3454e+01
1401.00   2.3445e+01
1402.00   2.3437e+01
1403.00   2.3428e+01
1404.00   2.3420e+01
1405.00   2.3411e+01
1406.00   2.3403e+01
1407.00   2.3395e+01
1408.00   2.3386e+01
1409.00   2.3378e+01
1410.00   2.3370e+01
1411.00   2.3361e+01
1412.00   2.3353e+01
1413.00   2.3345e+01
1414.00   2.3336e+01
1415.00   2.3328e+01
1416.00   2.3320e+01
1417.00   2.3312e+01
1418.00   2.3303e+01
1419.00   2.3295e+01
1420.00   2.3287e+01
1421.00   2.3279e+01
1422.00   2.3271e+01
1423.00   2.3263e+01
1424.00   2.3255e+01
1425.00   2.3247e+01
1426.00   2.3238e+01
1427.00   2.3230e+01
1428.00   2.3222e+01
1429.00   2.3214e+01
1430.00   2.3206e+01
1431.00   2.3198e+01
1432.00   2.3190e+01
1433.00   2.3183e+01
1434.00   2.3175e+01
1435.00   2.3167e+01
1436.00   2.3159e+01
1437.00   2.3151e+01
1438.00   2.3143e+01
1439.00   2.3135e+01
1440.00   2.3127e+01
1441.00   2.3120e+01
1442.00   2.3112e+01
1443.00   2.3104e+01
1444.00   2.3096e+01
1445.00   2.3089e+01
1446.00   2.3081e+01
1447.00   2.3073e+01
1448.00   2.3065e+01
1449.00   2.3058e+01
1450.00   2.3050e+01
1451.00   2.3042e+01
1452.00   2.3035e+01
1453.00   2.3027e+01
1454.00   2.3020e+01
1455.00   2.3012e+01
1456.00   2.3004e+01
1457.00   2.2997e+01
1458.00   2.2989e+01
1459.00   2.2982e+01
1460.00   2.2974e+01
1461.00   2.2967e+01
1462.00   2.2959e+01
1463.00   2.2952e+01
1464.00   2.2945e+01
1465.00   2.2937e+01
1466.00   2.2930e+01
1467.00   2.2922e+01
1468.00   2.2915e+01
1469.00   2.2908e+01
1470.00   2.2900e+01
1471.00   2.2893e+01
1472.00   2.2886e+01
1473.00   2.2879e+01
1474.00   2.2871e+01
1475.00   2.2864e+01
1476.00   2.2857e+01
1477.00   2.2850e+01
1478.00   2.2842e+01
1479.00   2.2835e+01
1480.00   2.2828e+01
1481.00   2.2821e+01
1482.00   2.2814e+01
1483.00   2.2807e+01
1484.00   2.2800e+01
1485.00   2.2793e+01
1486.00   2.2786e+01
1487.00   2.2779e+01
1488.00   2.2772e+01
1489.00   2.2765e+01
1490.00   2.2758e+01
1491.00   2.2751e+01
1492.00   2.2744e+01
1493.00   2.2737e+01
1494.00   2.2730e+01
1495.00   2.2723e+01
1496.00   2.2716e+01
1497.00   2.2709e+01
1498.00   2.2703e+01
1499.00   2.2696e+01
1500.00   2.2689e+01
1501.00   2.2682e+01
1502.00   2.2676e+01
1503.00   2.2669e+01
1504.00   2.2662e+01
1505.00   2.2656e+01
1506.00   2.2649e+01
1507.00   2.2642e+01
1508.00   2.2636e+01
1509.00   2.2629e+01
1510.00   2.2623e+01
1511.00   2.2616e+01
1512.00   2.2609e+01
1513.00   2.2603e+01
1514.00   2.2597e+01
1515.00   2.2590e+01
1516.00   2.2584e+01
1517.00   2.2577e+01
1518.00   2.2571e+01
1519.00   2.2564e+01
1520.00   2.2558e+01
1521.00   2.2552e+01
1522.00   2.2545e+01
1523.00   2.2539e+01
1524.00   2.2533e+01
1525.00   2.2527e+01
1526.00   2.2520e+01
1527.00   2.2514e+01
1528.00   2.2508e+01
1529.00   2.2502e+01
1530.00   2.2496e+01
1531.00   2.2490e+01
1532.00   2.2484e+01
1533.00   2.2478e+01
1534.00   2.2472e+01
1535.00   2.2466e+01
1536.00   2.2460e+01
1537.00   2.2454e+01
1538.00   2.2448e+01
1539.00   2.2442e+01
1540.00   2.2436e+01
1541.00   2.2430e+01
1542.00   2.2424e+01
1543.00   2.2419e+01
1544.00   2.2413e+01
1545.00   2.2407e+01
1546.00   2.2401e+01
1547.00   2.2396e+01
1548.00   2.2390e+01
1549.00   2.2384e+01
1550.00   2.2379e+01
1551.00   2.2373e+01
1552.00   2.2368e+01
1553.00   2.2362e+01
1554.00   2.2357e+01
1555.00   2.2351e+01
1556.00   2.2346e+01
1557.00   2.2340e+01
1558.00   2.2335e+01
1559.00   2.2329e+01
1560.00   2.2324e+01
1561.00   2.2319e+01
1562.00   2.2314e+01
1563.00   2.2308e+01
1564.00   2.2303e+01
1565.00   2.2298e+01
1566.00   2.2293e+01
1567.00   2.2288e+01
1568.00   2.2283e+01
1569.00   2.2278e+01
1570.00   2.2273e+01
1571.00   2.2268e+01
1572.00   2.2263e+01
1573.00   2.2258e+01
1574.00   2.2253e+01
1575.00   2.2248e+01
1576.00   2.2243e+01
1577.00   2.2238e+01
1578.00   2.2234e+01
1579.00   2.2229e+01
1580.00   2.2224e+01
1581.00   2.2220e+01
1582.00   2.2215e+01
1583.00   2.2210e+01
1584.00   2.2206e+01
1585.00   2.2201e+01
1586.00   2.2197e+01
1587.00   2.2192e+01
1588.00   2.2188e+01
1589.00   2.2184e+01
1590.00   2.2179e+01
1591.00   2.2175e+01
1592.00   2.2171e+01
1593.00   2.2167e+01
1594.00   2.2162e+01
1595.00   2.2158e+01
1596.00   2.2154e+01
1597.00   2.2150e+01
1598.00   2.2146e+01
1599.00   2.2142e+01
1600.00   2.2138e+01
1601.00   2.2134e+01
1602.00   2.2130e+01
1603.00   2.2127e+01
1604.00   2.2123e+01
1605.00   2.2119e+01
1606.00   2.2115e+01
1607.00   2.2112e+01
1608.00   2.2108e+01
1609.00   2.2105e+01
1610.00   2.2101e+01
1611.00   2.2098e+01
1612.00   2.2094e+01
1613.00   2.2091e+01
1614.00   2.2087e+01
1615.00   2.2084e+01
1616.00   2.2081e+01
1617.00   2.2078e+01
1618.00   2.2074e+01
1619.00   2.2071e+01
1620.00   2.2068e+01
1621.00   2.2065e+01
1622.00   2.2062e+01
1623.00   2.2059e+01
1624.00   2.2056e+01
1625.00   2.2054e+01
1626.00   2.2051e+01
1627.00   2.2048e+01
1628.00   2.2045e+01
1629.00   2.2043e+01
1630.00   2.2040e+01
1631.00   2.2037e+01
1632.00   2.2035e+01
1633.00   2.2033e+01
1634.00   2.2030e+01
1635.00   2.2028e+01
1636.00   2.2026e+01
1637.00   2.2023e+01
1638.00   2.2021e+01
1639.00   2.2019e+01
1640.00   2.2017e+01
1641.00   2.2015e+01
1642.00   2.2013e+01
1643.00   2.2011e+01
1644.00   2.2009e+01
1645.00   2.2007e+01
1646.00   2.2005e+01
1647.00   2.2004e+01
1648.00   2.2002e+01
1649.00   2.2001e+01
1650.00   2.1999e+01
1651.00   2.1998e+01
1652.00   2.1996e+01
1653.00   2.1995e+01
1654.00   2.1993e+01
1655.00   2.1992e+01
1656.00   2.1991e+01
1657.00   2.1990e+01
1658.00   2.1989e+01
1659.00   2.1988e+01
1660.00   2.1987e+01
1661.00   2.1986e+01
1662.00   2.1985e+01
1663.00   2.1984e+01
1664.00   2.1984e+01
1665.00   2.1983e+01
1666.00   2.1983e+01
1667.00   2.1982e+01
1668.00   2.1982e+01
1669.00   2.1981e+01
1670.00   2.1981e+01
1671.00   2.1981e+01
1672.00   2.1981e+01
1673.00   2.1980e+01
1674.00   2.1980e+01
1675.00   2.1980e+01
1676.00   2.1981e+01
1677.00   2.1981e+01
1678.00   2.1981e+01
1679.00   2.1981e+01
1680.00   2.1982e+01
1681.00   2.1982e+01
1682.00   2.1983e+01
1683.00   2.1983e+01
1684.00   2.1984e+01
1685.00   2.1985e+01