73.00   1.3114e+11
74.00   1.3114e+11
75.00   1.3114e+11
76.00   1.3113e+11
77.00   1.3113e+11
78.00   1.3113e+11
79.00   1.3113e+11
80.00   1.3113e+11
81.00   1.3113e+11
82.00   1.3113e+11
83.00   1.3113e+11
84.00   1.3113e+11
85.00   1.3113e+11
86.00   1.3112e+11
87.00   1.3112e+11
88.00   1.3112e+11
89.00   1.3112e+11
90.00   1.3112e+11
91.00   1.3112e+11
92.00   1.3112e+11
93.00   1.3112e+11
94.00   1.3111e+11
95.00   1.3111e+11
96.00   1.3111e+11
97.00   1.3111e+11
98.00   1.3111e+11
99.00   1.3111e+11
100.00   1.3110e+11
101.00   1.3110e+11
102.00   1.3110e+11
103.00   1.3110e+11
104.00   1.3110e+11
105.00   1.3110e+11
106.00   1.3109e+11
107.00   1.3109e+11
108.00   1.3109e+11
109.00   1.3109e+11
110.00   1.3109e+11
111.00   1.3108e+11
112.00   1.3108e+11
113.00   1.3108e+11
114.00   1.3108e+11
115.00   1.3108e+11
116.00   1.3107e+11
117.00   1.3107e+11
118.00   1.3107e+11
119.00   1.3107e+11
120.00   1.3106e+11
121.00   1.3106e+11
122.00   1.3106e+11
123.00   1.3106e+11
124.00   1.3105e+11
125.00   1.3105e+11
126.00   1.3105e+11
127.00   1.3105e+11
128.00   1.3104e+11
129.00   1.3104e+11
130.00   1.3104e+11
131.00   1.3104e+11
132.00   1.3103e+11
133.00   1.3103e+11
134.00   1.3103e+11
135.00   1.3102e+11
136.00   1.3102e+11
137.00   1.3102e+11
138.00   1.3102e+11
139.00   1.3101e+11
140.00   1.3101e+11
141.00   1.3101e+11
142.00   1.3100e+11
143.00   1.3100e+11
144.00   1.3100e+11
145.00   1.3099e+11
146.00   1.3099e+11
147.00   1.3099e+11
148.00   1.3098e+11
149.00   1.3098e+11
150.00   1.3098e+11
151.00   1.3097e+11
152.00   1.3097e+11
153.00   1.3097e+11
154.00   1.3096e+11
155.00   1.3096e+11
156.00   1.3096e+11
157.00   1.3095e+11
158.00   1.3095e+11
159.00   1.3095e+11
160.00   1.3094e+11
161.00   1.3094e+11
162.00   1.3094e+11
163.00   1.3093e+11
164.00   1.3093e+11
165.00   1.3093e+11
166.00   1.3092e+11
167.00   1.3092e+11
168.00   1.3091e+11
169.00   1.3091e+11
170.00   1.3091e+11
171.00   1.3090e+11
172.00   1.3090e+11
173.00   1.3089e+11
174.00   1.3089e+11
175.00   1.3089e+11
176.00   1.3088e+11
177.00   1.3088e+11
178.00   1.3087e+11
179.00   1.3087e+11
180.00   1.3087e+11
181.00   1.3086e+11
182.00   1.3086e+11
183.00   1.3085e+11
184.00   1.3085e+11
185.00   1.3084e+11
186.00   1.3084e+11
187.00   1.3084e+11
188.00   1.3083e+11
189.00   1.3083e+11
190.00   1.3082e+11
191.00   1.3082e+11
192.00   1.3081e+11
193.00   1.3081e+11
194.00   1.3080e+11
195.00   1.3080e+11
196.00   1.3079e+11
197.00   1.3079e+11
198.00   1.3079e+11
199.00   1.3078e+11
200.00   1.3078e+11
201.00   1.3077e+11
202.00   1.3077e+11
203.00   1.3076e+11
204.00   1.3076e+11
205.00   1.3075e+11
206.00   1.3075e+11
207.00   1.3074e+11
208.00   1.3074e+11
209.00   1.3073e+11
210.00   1.3073e+11
211.00   1.3072e+11
212.00   1.3072e+11
213.00   1.3071e+11
214.00   1.3071e+11
215.00   1.3070e+11
216.00   1.3070e+11
217.00   1.3069e+11
218.00   1.3069e+11
219.00   1.3068e+11
220.00   1.3068e+11
221.00   1.3067e+11
222.00   1.3067e+11
223.00   1.3066e+11
224.00   1.3065e+11
225.00   1.3065e+11
226.00   1.3064e+11
227.00   1.3064e+11
228.00   1.3063e+11
229.00   1.3063e+11
230.00   1.3062e+11
231.00   1.3062e+11
232.00   1.3061e+11
233.00   1.3061e+11
234.00   1.3060e+11
235.00   1.3059e+11
236.00   1.3059e+11
237.00   1.3058e+11
238.00   1.3058e+11
239.00   1.3057e+11
240.00   1.3057e+11
241.00   1.3056e+11
242.00   1.3055e+11
243.00   1.3055e+11
244.00   1.3054e+11
245.00   1.3054e+11
246.00   1.3053e+11
247.00   1.3053e+11
248.00   1.3052e+11
249.00   1.3051e+11
250.00   1.3051e+11
251.00   1.3050e+11
252.00   1.3050e+11
253.00   1.3049e+11
254.00   1.3048e+11
255.00   1.3048e+11
256.00   1.3047e+11
257.00   1.3046e+11
258.00   1.3046e+11
259.00   1.3045e+11
260.00   1.3045e+11
261.00   1.3044e+11
262.00   1.3043e+11
263.00   1.3043e+11
264.00   1.3042e+11
265.00   1.3042e+11
266.00   1.3041e+11
267.00   1.3040e+11
268.00   1.3040e+11
269.00   1.3039e+11
270.00   1.3038e+11
271.00   1.3038e+11
272.00   1.3037e+11
273.00   1.3036e+11
274.00   1.3036e+11
275.00   1.3035e+11
276.00   1.3034e+11
277.00   1.3034e+11
278.00   1.3033e+11
279.00   1.3032e+11
280.00   1.3032e+11
281.00   1.3031e+11
282.00   1.3030e+11
283.00   1.3030e+11
284.00   1.3029e+11
285.00   1.3028e+11
286.00   1.3028e+11
287.00   1.3027e+11
288.00   1.3026e+11
289.00   1.3026e+11
290.00   1.3025e+11
291.00   1.3024e+11
292.00   1.3024e+11
293.00   1.3023e+11
294.00   1.3022e+11
295.00   1.3022e+11
296.00   1.3021e+11
297.00   1.3020e+11
298.00   1.3020e+11
299.00   1.3019e+11
300.00   1.3018e+11
301.00   1.3017e+11
302.00   1.3017e+11
303.00   1.3016e+11
304.00   1.3015e+11
305.00   1.3015e+11
306.00   1.3014e+11
307.00   1.3013e+11
308.00   1.3012e+11
309.00   1.3012e+11
310.00   1.3011e+11
311.00   1.3010e+11
312.00   1.3009e+11
313.00   1.3009e+11
314.00   1.3008e+11
315.00   1.3007e+11
316.00   1.3007e+11
317.00   1.3006e+11
318.00   1.3005e+11
319.00   1.3004e+11
320.00   1.3004e+11
321.00   1.3003e+11
322.00   1.3002e+11
323.00   1.3001e+11
324.00   1.3001e+11
325.00   1.3000e+11
326.00   1.2999e+11
327.00   1.2998e+11
328.00   1.2998e+11
329.00   1.2997e+11
330.00   1.2996e+11
331.00   1.2995e+11
332.00   1.2995e+11
333.00   1.2994e+11
334.00   1.2993e+11
335.00   1.2992e+11
336.00   1.2991e+11
337.00   1.2991e+11
338.00   1.2990e+11
339.00   1.2989e+11
340.00   1.2988e+11
341.00   1.2988e+11
342.00   1.2987e+11
343.00   1.2986e+11
344.00   1.2985e+11
345.00   1.2984e+11
346.00   1.2984e+11
347.00   1.2983e+11
348.00   1.2982e+11
349.00   1.2981e+11
350.00   1.2980e+11
351.00   1.2980e+11
352.00   1.2979e+11
353.00   1.2978e+11
354.00   1.2977e+11
355.00   1.2976e+11
356.00   1.2976e+11
357.00   1.2975e+11
358.00   1.2974e+11
359.00   1.2973e+11
360.00   1.2972e+11
361.00   1.2972e+11
362.00   1.2971e+11
363.00   1.2970e+11
364.00   1.2969e+11
365.00   1.2968e+11
366.00   1.2968e+11
367.00   1.2967e+11
368.00   1.2966e+11
369.00   1.2965e+11
370.00   1.2964e+11
371.00   1.2963e+11
372.00   1.2963e+11
373.00   1.2962e+11
374.00   1.2961e+11
375.00   1.2960e+11
376.00   1.2959e+11
377.00   1.2958e+11
378.00   1.2958e+11
379.00   1.2957e+11
380.00   1.2956e+11
381.00   1.2955e+11
382.00   1.2954e+11
383.00   1.2953e+11
384.00   1.2952e+11
385.00   1.2952e+11
386.00   1.2951e+11
387.00   1.2950e+11
388.00   1.2949e+11
389.00   1.2948e+11
390.00   1.2947e+11
391.00   1.2946e+11
392.00   1.2946e+11
393.00   1.2945e+11
394.00   1.2944e+11
395.00   1.2943e+11
396.00   1.2942e+11
397.00   1.2941e+11
398.00   1.2940e+11
399.00   1.2939e+11
400.00   1.2939e+11
401.00   1.2938e+11
402.00   1.2937e+11
403.00   1.2936e+11
404.00   1.2935e+11
405.00   1.2934e+11
406.00   1.2933e+11
407.00   1.2932e+11
408.00   1.2932e+11
409.00   1.2931e+11
410.00   1.2930e+11
411.00   1.2929e+11
412.00   1.2928e+11
413.00   1.2927e+11
414.00   1.2926e+11
415.00   1.2925e+11
416.00   1.2924e+11
417.00   1.2924e+11
418.00   1.2923e+11
419.00   1.2922e+11
420.00   1.2921e+11
421.00   1.2920e+11
422.00   1.2919e+11
423.00   1.2918e+11
424.00   1.2917e+11
425.00   1.2916e+11
426.00   1.2915e+11
427.00   1.2914e+11
428.00   1.2914e+11
429.00   1.2913e+11
430.00   1.2912e+11
431.00   1.2911e+11
432.00   1.2910e+11
433.00   1.2909e+11
434.00   1.2908e+11
435.00   1.2907e+11
436.00   1.2906e+11
437.00   1.2905e+11
438.00   1.2904e+11
439.00   1.2903e+11
440.00   1.2902e+11
441.00   1.2902e+11
442.00   1.2901e+11
443.00   1.2900e+11
444.00   1.2899e+11
445.00   1.2898e+11
446.00   1.2897e+11
447.00   1.2896e+11
448.00   1.2895e+11
449.00   1.2894e+11
450.00   1.2893e+11
451.00   1.2892e+11
452.00   1.2891e+11
453.00   1.2890e+11
454.00   1.2889e+11
455.00   1.2888e+11
456.00   1.2887e+11
457.00   1.2887e+11
458.00   1.2886e+11
459.00   1.2885e+11
460.00   1.2884e+11
461.00   1.2883e+11
462.00   1.2882e+11
463.00   1.2881e+11
464.00   1.2880e+11
465.00   1.2879e+11
466.00   1.2878e+11
467.00   1.2877e+11
468.00   1.2876e+11
469.00   1.2875e+11
470.00   1.2874e+11
471.00   1.2873e+11
472.00   1.2872e+11
473.00   1.2871e+11
474.00   1.2870e+11
475.00   1.2869e+11
476.00   1.2868e+11
477.00   1.2867e+11
478.00   1.2866e+11
479.00   1.2865e+11
480.00   1.2864e+11
481.00   1.2863e+11
482.00   1.2862e+11
483.00   1.2861e+11
484.00   1.2860e+11
485.00   1.2859e+11
486.00   1.2858e+11
487.00   1.2857e+11
488.00   1.2857e+11
489.00   1.2856e+11
490.00   1.2855e+11
491.00   1.2854e+11
492.00   1.2853e+11
493.00   1.2852e+11
494.00   1.2851e+11
495.00   1.2850e+11
496.00   1.2849e+11
497.00   1.2848e+11
498.00   1.2847e+11
499.00   1.2846e+11
500.00   1.2845e+11
501.00   1.2844e+11
502.00   1.2843e+11
503.00   1.2842e+11
504.00   1.2841e+11
505.00   1.2840e+11
506.00   1.2839e+11
507.00   1.2838e+11
508.00   1.2837e+11
509.00   1.2836e+11
510.00   1.2835e+11
511.00   1.2834e+11
512.00   1.2833e+11
513.00   1.2832e+11
514.00   1.2831e+11
515.00   1.2830e+11
516.00   1.2829e+11
517.00   1.2827e+11
518.00   1.2826e+11
519.00   1.2825e+11
520.00   1.2824e+11
521.00   1.2823e+11
522.00   1.2822e+11
523.00   1.2821e+11
524.00   1.2820e+11
525.00   1.2819e+11
526.00   1.2818e+11
527.00   1.2817e+11
528.00   1.2816e+11
529.00   1.2815e+11
530.00   1.2814e+11
531.00   1.2813e+11
532.00   1.2812e+11
533.00   1.2811e+11
534.00   1.2810e+11
535.00   1.2809e+11
536.00   1.2808e+11
537.00   1.2807e+11
538.00   1.2806e+11
539.00   1.2805e+11
540.00   1.2804e+11
541.00   1.2803e+11
542.00   1.2802e+11
543.00   1.2801e+11
544.00   1.2800e+11
545.00   1.2799e+11
546.00   1.2798e+11
547.00   1.2797e+11
548.00   1.2796e+11
549.00   1.2795e+11
550.00   1.2793e+11
551.00   1.2792e+11
552.00   1.2791e+11
553.00   1.2790e+11
554.00   1.2789e+11
555.00   1.2788e+11
556.00   1.2787e+11
557.00   1.2786e+11
558.00   1.2785e+11
559.00   1.2784e+11
560.00   1.2783e+11
561.00   1.2782e+11
562.00   1.2781e+11
563.00   1.2780e+11
564.00   1.2779e+11
565.00   1.2778e+11
566.00   1.2777e+11
567.00   1.2776e+11
568.00   1.2775e+11
569.00   1.2773e+11
570.00   1.2772e+11
571.00   1.2771e+11
572.00   1.2770e+11
573.00   1.2769e+11
574.00   1.2768e+11
575.00   1.2767e+11
576.00   1.2766e+11
577.00   1.2765e+11
578.00   1.2764e+11
579.00   1.2763e+11
580.00   1.2762e+11
581.00   1.2761e+11
582.00   1.2760e+11
583.00   1.2759e+11
584.00   1.2757e+11
585.00   1.2756e+11
586.00   1.2755e+11
587.00   1.2754e+11
588.00   1.2753e+11
589.00   1.2752e+11
590.00   1.2751e+11
591.00   1.2750e+11
592.00   1.2749e+11
593.00   1.2748e+11
594.00   1.2747e+11
595.00   1.2746e+11
596.00   1.2745e+11
597.00   1.2743e+11
598.00   1.2742e+11
599.00   1.2741e+11
600.00   1.2740e+11
601.00   1.2739e+11
602.00   1.2738e+11
603.00   1.2737e+11
604.00   1.2736e+11
605.00   1.2735e+11
606.00   1.2734e+11
607.00   1.2733e+11
608.00   1.2731e+11
609.00   1.2730e+11
610.00   1.2729e+11
611.00   1.2728e+11
612.00   1.2727e+11
613.00   1.2726e+11
614.00   1.2725e+11
615.00   1.2724e+11
616.00   1.2723e+11
617.00   1.2722e+11
618.00   1.2721e+11
619.00   1.2719e+11
620.00   1.2718e+11
621.00   1.2717e+11
622.00   1.2716e+11
623.00   1.2715e+11
624.00   1.2714e+11
625.00   1.2713e+11
626.00   1.2712e+11
627.00   1.2711e+11
628.00   1.2709e+11
629.00   1.2708e+11
630.00   1.2707e+11
631.00   1.2706e+11
632.00   1.2705e+11
633.00   1.2704e+11
634.00   1.2703e+11
635.00   1.2702e+11
636.00   1.2701e+11
637.00   1.2700e+11
638.00   1.2698e+11
639.00   1.2697e+11
640.00   1.2696e+11
641.00   1.2695e+11
642.00   1.2694e+11
643.00   1.2693e+11
644.00   1.2692e+11
645.00   1.2691e+11
646.00   1.2689e+11
647.00   1.2688e+11
648.00   1.2687e+11
649.00   1.2686e+11
650.00   1.2685e+11
651.00   1.2684e+11
652.00   1.2683e+11
653.00   1.2682e+11
654.00   1.2681e+11
655.00   1.2679e+11
656.00   1.2678e+11
657.00   1.2677e+11
658.00   1.2676e+11
659.00   1.2675e+11
660.00   1.2674e+11
661.00   1.2673e+11
662.00   1.2672e+11
663.00   1.2670e+11
664.00   1.2669e+11
665.00   1.2668e+11
666.00   1.2667e+11
667.00   1.2666e+11
668.00   1.2665e+11
669.00   1.2664e+11
670.00   1.2662e+11
671.00   1.2661e+11
672.00   1.2660e+11
673.00   1.2659e+11
674.00   1.2658e+11
675.00   1.2657e+11
676.00   1.2656e+11
677.00   1.2655e+11
678.00   1.2653e+11
679.00   1.2652e+11
680.00   1.2651e+11
681.00   1.2650e+11
682.00   1.2649e+11
683.00   1.2648e+11
684.00   1.2647e+11
685.00   1.2645e+11
686.00   1.2644e+11
687.00   1.2643e+11
688.00   1.2642e+11
689.00   1.2641e+11
690.00   1.2640e+11
691.00   1.2639e+11
692.00   1.2637e+11
693.00   1.2636e+11
694.00   1.2635e+11
695.00   1.2634e+11
696.00   1.2633e+11
697.00   1.2632e+11
698.00   1.2630e+11
699.00   1.2629e+11
700.00   1.2628e+11
701.00   1.2627e+11
702.00   1.2626e+11
703.00   1.2625e+11
704.00   1.2624e+11
705.00   1.2622e+11
706.00   1.2621e+11
707.00   1.2620e+11
708.00   1.2619e+11
709.00   1.2618e+11
710.00   1.2617e+11
711.00   1.2615e+11
712.00   1.2614e+11
713.00   1.2613e+11
714.00   1.2612e+11
715.00   1.2611e+11
716.00   1.2610e+11
717.00   1.2609e+11
718.00   1.2607e+11
719.00   1.2606e+11
720.00   1.2605e+11
721.00   1.2604e+11
722.00   1.2603e+11
723.00   1.2602e+11
724.00   1.2600e+11
725.00   1.2599e+11
726.00   1.2598e+11
727.00   1.2597e+11
728.00   1.2596e+11
729.00   1.2595e+11
730.00   1.2593e+11
731.00   1.2592e+11
732.00   1.2591e+11
733.00   1.2590e+11
734.00   1.2589e+11
735.00   1.2588e+11
736.00   1.2586e+11
737.00   1.2585e+11
738.00   1.2584e+11
739.00   1.2583e+11
740.00   1.2582e+11
741.00   1.2580e+11
742.00   1.2579e+11
743.00   1.2578e+11
744.00   1.2577e+11
745.00   1.2576e+11
746.00   1.2575e+11
747.00   1.2573e+11
748.00   1.2572e+11
749.00   1.2571e+11
750.00   1.2570e+11
751.00   1.2569e+11
752.00   1.2567e+11
753.00   1.2566e+11
754.00   1.2565e+11
755.00   1.2564e+11
756.00   1.2563e+11
757.00   1.2562e+11
758.00   1.2560e+11
759.00   1.2559e+11
760.00   1.2558e+11
761.00   1.2557e+11
762.00   1.2556e+11
763.00   1.2554e+11
764.00   1.2553e+11
765.00   1.2552e+11
766.00   1.2551e+11
767.00   1.2550e+11
768.00   1.2549e+11
769.00   1.2547e+11
770.00   1.2546e+11
771.00   1.2545e+11
772.00   1.2544e+11
773.00   1.2543e+11
774.00   1.2541e+11
775.00   1.2540e+11
776.00   1.2539e+11
777.00   1.2538e+11
778.00   1.2537e+11
779.00   1.2535e+11
780.00   1.2534e+11
781.00   1.2533e+11
782.00   1.2532e+11
783.00   1.2531e+11
784.00   1.2529e+11
785.00   1.2528e+11
786.00   1.2527e+11
787.00   1.2526e+11
788.00   1.2525e+11
789.00   1.2523e+11
790.00   1.2522e+11
791.00   1.2521e+11
792.00   1.2520e+11
793.00   1.2519e+11
794.00   1.2517e+11
795.00   1.2516e+11
796.00   1.2515e+11
797.00   1.2514e+11
798.00   1.2513e+11
799.00   1.2511e+11
800.00   1.2510e+11
801.00   1.2509e+11
802.00   1.2508e+11
803.00   1.2506e+11
804.00   1.2505e+11
805.00   1.2504e+11
806.00   1.2503e+11
807.00   1.2502e+11
808.00   1.2500e+11
809.00   1.2499e+11
810.00   1.2498e+11
811.00   1.2497e+11
812.00   1.2496e+11
813.00   1.2494e+11
814.00   1.2493e+11
815.00   1.2492e+11
816.00   1.2491e+11
817.00   1.2489e+11
818.00   1.2488e+11
819.00   1.2487e+11
820.00   1.2486e+11
821.00   1.2485e+11
822.00   1.2483e+11
823.00   1.2482e+11
824.00   1.2481e+11
825.00   1.2480e+11
826.00   1.2479e+11
827.00   1.2477e+11
828.00   1.2476e+11
829.00   1.2475e+11
830.00   1.2474e+11
831.00   1.2472e+11
832.00   1.2471e+11
833.00   1.2470e+11
834.00   1.2469e+11
835.00   1.2467e+11
836.00   1.2466e+11
837.00   1.2465e+11
838.00   1.2464e+11
839.00   1.2463e+11
840.00   1.2461e+11
841.00   1.2460e+11
842.00   1.2459e+11
843.00   1.2458e+11
844.00   1.2456e+11
845.00   1.2455e+11
846.00   1.2454e+11
847.00   1.2453e+11
848.00   1.2451e+11
849.00   1.2450e+11
850.00   1.2449e+11
851.00   1.2448e+11
852.00   1.2446e+11
853.00   1.2445e+11
854.00   1.2444e+11
855.00   1.2443e+11
856.00   1.2442e+11
857.00   1.2440e+11
858.00   1.2439e+11
859.00   1.2438e+11
860.00   1.2437e+11
861.00   1.2435e+11
862.00   1.2434e+11
863.00   1.2433e+11
864.00   1.2432e+11
865.00   1.2430e+11
866.00   1.2429e+11
867.00   1.2428e+11
868.00   1.2427e+11
869.00   1.2425e+11
870.00   1.2424e+11
871.00   1.2423e+11
872.00   1.2422e+11
873.00   1.2420e+11
874.00   1.2419e+11
875.00   1.2418e+11
876.00   1.2417e+11
877.00   1.2415e+11
878.00   1.2414e+11
879.00   1.2413e+11
880.00   1.2412e+11
881.00   1.2410e+11
882.00   1.2409e+11
883.00   1.2408e+11
884.00   1.2407e+11
885.00   1.2405e+11
886.00   1.2404e+11
887.00   1.2403e+11
888.00   1.2401e+11
889.00   1.2400e+11
890.00   1.2399e+11
891.00   1.2398e+11
892.00   1.2396e+11
893.00   1.2395e+11
894.00   1.2394e+11
895.00   1.2393e+11
896.00   1.2391e+11
897.00   1.2390e+11
898.00   1.2389e+11
899.00   1.2388e+11
900.00   1.2386e+11
901.00   1.2385e+11
902.00   1.2384e+11
903.00   1.2382e+11
904.00   1.2381e+11
905.00   1.2380e+11
906.00   1.2379e+11
907.00   1.2377e+11
908.00   1.2376e+11
909.00   1.2375e+11
910.00   1.2374e+11
911.00   1.2372e+11
912.00   1.2371e+11
913.00   1.2370e+11
914.00   1.2368e+11
915.00   1.2367e+11
916.00   1.2366e+11
917.00   1.2365e+11
918.00   1.2363e+11
919.00   1.2362e+11
920.00   1.2361e+11
921.00   1.2359e+11
922.00   1.2358e+11
923.00   1.2357e+11