73.00   1.8924e+11
74.00   1.8924e+11
75.00   1.8924e+11
76.00   1.8924e+11
77.00   1.8924e+11
78.00   1.8923e+11
79.00   1.8923e+11
80.00   1.8923e+11
81.00   1.8923e+11
82.00   1.8923e+11
83.00   1.8922e+11
84.00   1.8922e+11
85.00   1.8922e+11
86.00   1.8922e+11
87.00   1.8921e+11
88.00   1.8921e+11
89.00   1.8921e+11
90.00   1.8921e+11
91.00   1.8920e+11
92.00   1.8920e+11
93.00   1.8920e+11
94.00   1.8920e+11
95.00   1.8919e+11
96.00   1.8919e+11
97.00   1.8919e+11
98.00   1.8918e+11
99.00   1.8918e+11
100.00   1.8918e+11
101.00   1.8918e+11
102.00   1.8917e+11
103.00   1.8917e+11
104.00   1.8917e+11
105.00   1.8916e+11
106.00   1.8916e+11
107.00   1.8916e+11
108.00   1.8915e+11
109.00   1.8915e+11
110.00   1.8915e+11
111.00   1.8914e+11
112.00   1.8914e+11
113.00   1.8914e+11
114.00   1.8913e+11
115.00   1.8913e+11
116.00   1.8913e+11
117.00   1.8912e+11
118.00   1.8912e+11
119.00   1.8912e+11
120.00   1.8911e+11
121.00   1.8911e+11
122.00   1.8910e+11
123.00   1.8910e+11
124.00   1.8910e+11
125.00   1.8909e+11
126.00   1.8909e+11
127.00   1.8908e+11
128.00   1.8908e+11
129.00   1.8908e+11
130.00   1.8907e+11
131.00   1.8907e+11
132.00   1.8906e+11
133.00   1.8906e+11
134.00   1.8906e+11
135.00   1.8905e+11
136.00   1.8905e+11
137.00   1.8904e+11
138.00   1.8904e+11
139.00   1.8903e+11
140.00   1.8903e+11
141.00   1.8902e+11
142.00   1.8902e+11
143.00   1.8902e+11
144.00   1.8901e+11
145.00   1.8901e+11
146.00   1.8900e+11
147.00   1.8900e+11
148.00   1.8899e+11
149.00   1.8899e+11
150.00   1.8898e+11
151.00   1.8898e+11
152.00   1.8897e+11
153.00   1.8897e+11
154.00   1.8896e+11
155.00   1.8896e+11
156.00   1.8895e+11
157.00   1.8895e+11
158.00   1.8894e+11
159.00   1.8894e+11
160.00   1.8893e+11
161.00   1.8893e+11
162.00   1.8892e+11
163.00   1.8892e+11
164.00   1.8891e+11
165.00   1.8891e+11
166.00   1.8890e+11
167.00   1.8890e+11
168.00   1.8889e+11
169.00   1.8888e+11
170.00   1.8888e+11
171.00   1.8887e+11
172.00   1.8887e+11
173.00   1.8886e+11
174.00   1.8886e+11
175.00   1.8885e+11
176.00   1.8885e+11
177.00   1.8884e+11
178.00   1.8883e+11
179.00   1.8883e+11
180.00   1.8882e+11
181.00   1.8882e+11
182.00   1.8881e+11
183.00   1.8880e+11
184.00   1.8880e+11
185.00   1.8879e+11
186.00   1.8879e+11
187.00   1.8878e+11
188.00   1.8877e+11
189.00   1.8877e+11
190.00   1.8876e+11
191.00   1.8876e+11
192.00   1.8875e+11
193.00   1.8874e+11
194.00   1.8874e+11
195.00   1.8873e+11
196.00   1.8872e+11
197.00   1.8872e+11
198.00   1.8871e+11
199.00   1.8870e+11
200.00   1.8870e+11
201.00   1.8869e+11
202.00   1.8868e+11
203.00   1.8868e+11
204.00   1.8867e+11
205.00   1.8867e+11
206.00   1.8866e+11
207.00   1.8865e+11
208.00   1.8864e+11
209.00   1.8864e+11
210.00   1.8863e+11
211.00   1.8862e+11
212.00   1.8862e+11
213.00   1.8861e+11
214.00   1.8860e+11
215.00   1.8860e+11
216.00   1.8859e+11
217.00   1.8858e+11
218.00   1.8858e+11
219.00   1.8857e+11
220.00   1.8856e+11
221.00   1.8855e+11
222.00   1.8855e+11
223.00   1.8854e+11
224.00   1.8853e+11
225.00   1.8853e+11
226.00   1.8852e+11
227.00   1.8851e+11
228.00   1.8850e+11
229.00   1.8850e+11
230.00   1.8849e+11
231.00   1.8848e+11
232.00   1.8847e+11
233.00   1.8847e+11
234.00   1.8846e+11
235.00   1.8845e+11
236.00   1.8844e+11
237.00   1.8844e+11
238.00   1.8843e+11
239.00   1.8842e+11
240.00   1.8841e+11
241.00   1.8841e+11
242.00   1.8840e+11
243.00   1.8839e+11
244.00   1.8838e+11
245.00   1.8837e+11
246.00   1.8837e+11
247.00   1.8836e+11
248.00   1.8835e+11
249.00   1.8834e+11
250.00   1.8833e+11
251.00   1.8833e+11
252.00   1.8832e+11
253.00   1.8831e+11
254.00   1.8830e+11
255.00   1.8829e+11
256.00   1.8829e+11
257.00   1.8828e+11
258.00   1.8827e+11
259.00   1.8826e+11
260.00   1.8825e+11
261.00   1.8824e+11
262.00   1.8824e+11
263.00   1.8823e+11
264.00   1.8822e+11
265.00   1.8821e+11
266.00   1.8820e+11
267.00   1.8819e+11
268.00   1.8819e+11
269.00   1.8818e+11
270.00   1.8817e+11
271.00   1.8816e+11
272.00   1.8815e+11
273.00   1.8814e+11
274.00   1.8813e+11
275.00   1.8813e+11
276.00   1.8812e+11
277.00   1.8811e+11
278.00   1.8810e+11
279.00   1.8809e+11
280.00   1.8808e+11
281.00   1.8807e+11
282.00   1.8806e+11
283.00   1.8806e+11
284.00   1.8805e+11
285.00   1.8804e+11
286.00   1.8803e+11
287.00   1.8802e+11
288.00   1.8801e+11
289.00   1.8800e+11
290.00   1.8799e+11
291.00   1.8798e+11
292.00   1.8797e+11
293.00   1.8797e+11
294.00   1.8796e+11
295.00   1.8795e+11
296.00   1.8794e+11
297.00   1.8793e+11
298.00   1.8792e+11
299.00   1.8791e+11
300.00   1.8790e+11
301.00   1.8789e+11
302.00   1.8788e+11
303.00   1.8787e+11
304.00   1.8786e+11
305.00   1.8785e+11
306.00   1.8784e+11
307.00   1.8784e+11
308.00   1.8783e+11
309.00   1.8782e+11
310.00   1.8781e+11
311.00   1.8780e+11
312.00   1.8779e+11
313.00   1.8778e+11
314.00   1.8777e+11
315.00   1.8776e+11
316.00   1.8775e+11
317.00   1.8774e+11
318.00   1.8773e+11
319.00   1.8772e+11
320.00   1.8771e+11
321.00   1.8770e+11
322.00   1.8769e+11
323.00   1.8768e+11
324.00   1.8767e+11
325.00   1.8766e+11
326.00   1.8765e+11
327.00   1.8764e+11
328.00   1.8763e+11
329.00   1.8762e+11
330.00   1.8761e+11
331.00   1.8760e+11
332.00   1.8759e+11
333.00   1.8758e+11
334.00   1.8757e+11
335.00   1.8756e+11
336.00   1.8755e+11
337.00   1.8754e+11
338.00   1.8753e+11
339.00   1.8752e+11
340.00   1.8751e+11
341.00   1.8750e+11
342.00   1.8749e+11
343.00   1.8748e+11
344.00   1.8747e+11
345.00   1.8746e+11
346.00   1.8745e+11
347.00   1.8744e+11
348.00   1.8743e+11
349.00   1.8742e+11
350.00   1.8741e+11
351.00   1.8740e+11
352.00   1.8739e+11
353.00   1.8737e+11
354.00   1.8736e+11
355.00   1.8735e+11
356.00   1.8734e+11
357.00   1.8733e+11
358.00   1.8732e+11
359.00   1.8731e+11
360.00   1.8730e+11
361.00   1.8729e+11
362.00   1.8728e+11
363.00   1.8727e+11
364.00   1.8726e+11
365.00   1.8725e+11
366.00   1.8724e+11
367.00   1.8722e+11
368.00   1.8721e+11
369.00   1.8720e+11
370.00   1.8719e+11
371.00   1.8718e+11
372.00   1.8717e+11
373.00   1.8716e+11
374.00   1.8715e+11
375.00   1.8714e+11
376.00   1.8713e+11
377.00   1.8712e+11
378.00   1.8710e+11
379.00   1.8709e+11
380.00   1.8708e+11
381.00   1.8707e+11
382.00   1.8706e+11
383.00   1.8705e+11
384.00   1.8704e+11
385.00   1.8703e+11
386.00   1.8702e+11
387.00   1.8700e+11
388.00   1.8699e+11
389.00   1.8698e+11
390.00   1.8697e+11
391.00   1.8696e+11
392.00   1.8695e+11
393.00   1.8694e+11
394.00   1.8693e+11
395.00   1.8691e+11
396.00   1.8690e+11
397.00   1.8689e+11
398.00   1.8688e+11
399.00   1.8687e+11
400.00   1.8686e+11
401.00   1.8685e+11
402.00   1.8683e+11
403.00   1.8682e+11
404.00   1.8681e+11
405.00   1.8680e+11
406.00   1.8679e+11
407.00   1.8678e+11
408.00   1.8676e+11
409.00   1.8675e+11
410.00   1.8674e+11
411.00   1.8673e+11
412.00   1.8672e+11
413.00   1.8671e+11
414.00   1.8669e+11
415.00   1.8668e+11
416.00   1.8667e+11
417.00   1.8666e+11
418.00   1.8665e+11
419.00   1.8663e+11
420.00   1.8662e+11
421.00   1.8661e+11
422.00   1.8660e+11
423.00   1.8659e+11
424.00   1.8658e+11
425.00   1.8656e+11
426.00   1.8655e+11
427.00   1.8654e+11
428.00   1.8653e+11
429.00   1.8652e+11
430.00   1.8650e+11
431.00   1.8649e+11
432.00   1.8648e+11
433.00   1.8647e+11
434.00   1.8646e+11
435.00   1.8644e+11
436.00   1.8643e+11
437.00   1.8642e+11
438.00   1.8641e+11
439.00   1.8639e+11
440.00   1.8638e+11
441.00   1.8637e+11
442.00   1.8636e+11
443.00   1.8635e+11
444.00   1.8633e+11
445.00   1.8632e+11
446.00   1.8631e+11
447.00   1.8630e+11
448.00   1.8628e+11
449.00   1.8627e+11
450.00   1.8626e+11
451.00   1.8625e+11
452.00   1.8623e+11
453.00   1.8622e+11
454.00   1.8621e+11
455.00   1.8620e+11
456.00   1.8618e+11
457.00   1.8617e+11
458.00   1.8616e+11
459.00   1.8615e+11
460.00   1.8613e+11
461.00   1.8612e+11
462.00   1.8611e+11
463.00   1.8610e+11
464.00   1.8608e+11
465.00   1.8607e+11
466.00   1.8606e+11
467.00   1.8605e+11
468.00   1.8603e+11
469.00   1.8602e+11
470.00   1.8601e+11
471.00   1.8600e+11
472.00   1.8598e+11
473.00   1.8597e+11
474.00   1.8596e+11
475.00   1.8594e+11
476.00   1.8593e+11
477.00   1.8592e+11
478.00   1.8591e+11
479.00   1.8589e+11
480.00   1.8588e+11
481.00   1.8587e+11
482.00   1.8585e+11
483.00   1.8584e+11
484.00   1.8583e+11
485.00   1.8582e+11
486.00   1.8580e+11
487.00   1.8579e+11
488.00   1.8578e+11
489.00   1.8576e+11
490.00   1.8575e+11
491.00   1.8574e+11
492.00   1.8572e+11
493.00   1.8571e+11
494.00   1.8570e+11
495.00   1.8569e+11
496.00   1.8567e+11
497.00   1.8566e+11
498.00   1.8565e+11
499.00   1.8563e+11
500.00   1.8562e+11
501.00   1.8561e+11
502.00   1.8559e+11
503.00   1.8558e+11
504.00   1.8557e+11
505.00   1.8555e+11
506.00   1.8554e+11
507.00   1.8553e+11
508.00   1.8551e+11
509.00   1.8550e+11
510.00   1.8549e+11
511.00   1.8547e+11
512.00   1.8546e+11
513.00   1.8545e+11
514.00   1.8543e+11
515.00   1.8542e+11
516.00   1.8541e+11
517.00   1.8539e+11
518.00   1.8538e+11
519.00   1.8537e+11
520.00   1.8535e+11
521.00   1.8534e+11
522.00   1.8533e+11
523.00   1.8531e+11
524.00   1.8530e+11
525.00   1.8529e+11
526.00   1.8527e+11
527.00   1.8526e+11
528.00   1.8524e+11
529.00   1.8523e+11
530.00   1.8522e+11
531.00   1.8520e+11
532.00   1.8519e+11
533.00   1.8518e+11
534.00   1.8516e+11
535.00   1.8515e+11
536.00   1.8514e+11
537.00   1.8512e+11
538.00   1.8511e+11
539.00   1.8509e+11
540.00   1.8508e+11
541.00   1.8507e+11
542.00   1.8505e+11
543.00   1.8504e+11
544.00   1.8503e+11
545.00   1.8501e+11
546.00   1.8500e+11
547.00   1.8498e+11
548.00   1.8497e+11
549.00   1.8496e+11
550.00   1.8494e+11
551.00   1.8493e+11
552.00   1.8491e+11
553.00   1.8490e+11
554.00   1.8489e+11
555.00   1.8487e+11
556.00   1.8486e+11
557.00   1.8484e+11
558.00   1.8483e+11
559.00   1.8482e+11
560.00   1.8480e+11
561.00   1.8479e+11
562.00   1.8477e+11
563.00   1.8476e+11
564.00   1.8475e+11
565.00   1.8473e+11
566.00   1.8472e+11
567.00   1.8470e+11
568.00   1.8469e+11
569.00   1.8468e+11
570.00   1.8466e+11
571.00   1.8465e+11
572.00   1.8463e+11
573.00   1.8462e+11
574.00   1.8460e+11
575.00   1.8459e+11
576.00   1.8458e+11
577.00   1.8456e+11
578.00   1.8455e+11
579.00   1.8453e+11
580.00   1.8452e+11
581.00   1.8450e+11
582.00   1.8449e+11
583.00   1.8448e+11
584.00   1.8446e+11
585.00   1.8445e+11
586.00   1.8443e+11
587.00   1.8442e+11
588.00   1.8440e+11
589.00   1.8439e+11
590.00   1.8438e+11
591.00   1.8436e+11
592.00   1.8435e+11
593.00   1.8433e+11
594.00   1.8432e+11
595.00   1.8430e+11
596.00   1.8429e+11
597.00   1.8427e+11
598.00   1.8426e+11
599.00   1.8425e+11
600.00   1.8423e+11
601.00   1.8422e+11
602.00   1.8420e+11
603.00   1.8419e+11
604.00   1.8417e+11
605.00   1.8416e+11
606.00   1.8414e+11
607.00   1.8413e+11
608.00   1.8411e+11
609.00   1.8410e+11
610.00   1.8408e+11
611.00   1.8407e+11
612.00   1.8406e+11
613.00   1.8404e+11
614.00   1.8403e+11
615.00   1.8401e+11
616.00   1.8400e+11
617.00   1.8398e+11
618.00   1.8397e+11
619.00   1.8395e+11
620.00   1.8394e+11
621.00   1.8392e+11
622.00   1.8391e+11
623.00   1.8389e+11
624.00   1.8388e+11
625.00   1.8386e+11
626.00   1.8385e+11
627.00   1.8383e+11
628.00   1.8382e+11
629.00   1.8380e+11
630.00   1.8379e+11
631.00   1.8377e+11
632.00   1.8376e+11
633.00   1.8374e+11
634.00   1.8373e+11
635.00   1.8371e+11
636.00   1.8370e+11
637.00   1.8368e+11
638.00   1.8367e+11
639.00   1.8365e+11
640.00   1.8364e+11
641.00   1.8362e+11
642.00   1.8361e+11
643.00   1.8359e+11
644.00   1.8358e+11
645.00   1.8356e+11
646.00   1.8355e+11
647.00   1.8353e+11
648.00   1.8352e+11
649.00   1.8350e+11
650.00   1.8349e+11
651.00   1.8347e+11
652.00   1.8346e+11
653.00   1.8344e+11
654.00   1.8343e+11
655.00   1.8341e+11
656.00   1.8340e+11
657.00   1.8338e+11
658.00   1.8337e+11
659.00   1.8335e+11
660.00   1.8334e+11
661.00   1.8332e+11
662.00   1.8331e+11
663.00   1.8329e+11
664.00   1.8328e+11
665.00   1.8326e+11
666.00   1.8324e+11
667.00   1.8323e+11
668.00   1.8321e+11
669.00   1.8320e+11
670.00   1.8318e+11
671.00   1.8317e+11
672.00   1.8315e+11
673.00   1.8314e+11
674.00   1.8312e+11
675.00   1.8311e+11
676.00   1.8309e+11
677.00   1.8308e+11
678.00   1.8306e+11
679.00   1.8304e+11
680.00   1.8303e+11
681.00   1.8301e+11
682.00   1.8300e+11
683.00   1.8298e+11
684.00   1.8297e+11
685.00   1.8295e+11
686.00   1.8294e+11
687.00   1.8292e+11
688.00   1.8290e+11
689.00   1.8289e+11
690.00   1.8287e+11
691.00   1.8286e+11
692.00   1.8284e+11
693.00   1.8283e+11
694.00   1.8281e+11
695.00   1.8280e+11
696.00   1.8278e+11
697.00   1.8276e+11
698.00   1.8275e+11
699.00   1.8273e+11
700.00   1.8272e+11
701.00   1.8270e+11
702.00   1.8269e+11
703.00   1.8267e+11
704.00   1.8265e+11
705.00   1.8264e+11
706.00   1.8262e+11
707.00   1.8261e+11
708.00   1.8259e+11
709.00   1.8258e+11
710.00   1.8256e+11
711.00   1.8254e+11
712.00   1.8253e+11
713.00   1.8251e+11
714.00   1.8250e+11
715.00   1.8248e+11
716.00   1.8246e+11
717.00   1.8245e+11
718.00   1.8243e+11
719.00   1.8242e+11
720.00   1.8240e+11
721.00   1.8238e+11
722.00   1.8237e+11
723.00   1.8235e+11
724.00   1.8234e+11
725.00   1.8232e+11
726.00   1.8230e+11
727.00   1.8229e+11
728.00   1.8227e+11
729.00   1.8226e+11
730.00   1.8224e+11
731.00   1.8222e+11
732.00   1.8221e+11
733.00   1.8219e+11
734.00   1.8218e+11
735.00   1.8216e+11
736.00   1.8214e+11
737.00   1.8213e+11
738.00   1.8211e+11
739.00   1.8210e+11
740.00   1.8208e+11
741.00   1.8206e+11
742.00   1.8205e+11
743.00   1.8203e+11
744.00   1.8202e+11
745.00   1.8200e+11
746.00   1.8198e+11
747.00   1.8197e+11
748.00   1.8195e+11
749.00   1.8193e+11
750.00   1.8192e+11
751.00   1.8190e+11
752.00   1.8189e+11
753.00   1.8187e+11
754.00   1.8185e+11
755.00   1.8184e+11
756.00   1.8182e+11
757.00   1.8180e+11
758.00   1.8179e+11
759.00   1.8177e+11
760.00   1.8175e+11
761.00   1.8174e+11
762.00   1.8172e+11
763.00   1.8171e+11
764.00   1.8169e+11
765.00   1.8167e+11
766.00   1.8166e+11
767.00   1.8164e+11
768.00   1.8162e+11
769.00   1.8161e+11
770.00   1.8159e+11
771.00   1.8157e+11
772.00   1.8156e+11
773.00   1.8154e+11
774.00   1.8152e+11
775.00   1.8151e+11
776.00   1.8149e+11
777.00   1.8148e+11
778.00   1.8146e+11
779.00   1.8144e+11
780.00   1.8143e+11
781.00   1.8141e+11
782.00   1.8139e+11
783.00   1.8138e+11
784.00   1.8136e+11
785.00   1.8134e+11
786.00   1.8133e+11
787.00   1.8131e+11
788.00   1.8129e+11
789.00   1.8128e+11
790.00   1.8126e+11
791.00   1.8124e+11
792.00   1.8123e+11
793.00   1.8121e+11
794.00   1.8119e+11
795.00   1.8118e+11
796.00   1.8116e+11
797.00   1.8114e+11
798.00   1.8113e+11
799.00   1.8111e+11
800.00   1.8109e+11
801.00   1.8107e+11
802.00   1.8106e+11
803.00   1.8104e+11
804.00   1.8102e+11
805.00   1.8101e+11
806.00   1.8099e+11
807.00   1.8097e+11
808.00   1.8096e+11
809.00   1.8094e+11
810.00   1.8092e+11
811.00   1.8091e+11
812.00   1.8089e+11
813.00   1.8087e+11
814.00   1.8086e+11
815.00   1.8084e+11
816.00   1.8082e+11
817.00   1.8080e+11
818.00   1.8079e+11
819.00   1.8077e+11
820.00   1.8075e+11
821.00   1.8074e+11
822.00   1.8072e+11
823.00   1.8070e+11
824.00   1.8069e+11
825.00   1.8067e+11
826.00   1.8065e+11
827.00   1.8063e+11
828.00   1.8062e+11
829.00   1.8060e+11
830.00   1.8058e+11
831.00   1.8057e+11
832.00   1.8055e+11
833.00   1.8053e+11
834.00   1.8051e+11
835.00   1.8050e+11
836.00   1.8048e+11
837.00   1.8046e+11
838.00   1.8044e+11
839.00   1.8043e+11
840.00   1.8041e+11
841.00   1.8039e+11
842.00   1.8038e+11
843.00   1.8036e+11
844.00   1.8034e+11
845.00   1.8032e+11
846.00   1.8031e+11
847.00   1.8029e+11
848.00   1.8027e+11
849.00   1.8025e+11
850.00   1.8024e+11
851.00   1.8022e+11
852.00   1.8020e+11
853.00   1.8019e+11
854.00   1.8017e+11
855.00   1.8015e+11
856.00   1.8013e+11
857.00   1.8012e+11
858.00   1.8010e+11
859.00   1.8008e+11
860.00   1.8006e+11
861.00   1.8005e+11
862.00   1.8003e+11
863.00   1.8001e+11
864.00   1.7999e+11
865.00   1.7998e+11
866.00   1.7996e+11
867.00   1.7994e+11
868.00   1.7992e+11
869.00   1.7990e+11
870.00   1.7989e+11
871.00   1.7987e+11
872.00   1.7985e+11
873.00   1.7983e+11
874.00   1.7982e+11
875.00   1.7980e+11
876.00   1.7978e+11
877.00   1.7976e+11
878.00   1.7975e+11
879.00   1.7973e+11
880.00   1.7971e+11
881.00   1.7969e+11
882.00   1.7968e+11
883.00   1.7966e+11
884.00   1.7964e+11
885.00   1.7962e+11
886.00   1.7960e+11
887.00   1.7959e+11
888.00   1.7957e+11
889.00   1.7955e+11
890.00   1.7953e+11
891.00   1.7951e+11
892.00   1.7950e+11
893.00   1.7948e+11
894.00   1.7946e+11
895.00   1.7944e+11
896.00   1.7943e+11
897.00   1.7941e+11
898.00   1.7939e+11
899.00   1.7937e+11
900.00   1.7935e+11
901.00   1.7934e+11
902.00   1.7932e+11
903.00   1.7930e+11
904.00   1.7928e+11
905.00   1.7926e+11
906.00   1.7925e+11
907.00   1.7923e+11
908.00   1.7921e+11
909.00   1.7919e+11
910.00   1.7917e+11
911.00   1.7915e+11
912.00   1.7914e+11
913.00   1.7912e+11
914.00   1.7910e+11
915.00   1.7908e+11
916.00   1.7906e+11
917.00   1.7905e+11
918.00   1.7903e+11
919.00   1.7901e+11
920.00   1.7899e+11
921.00   1.7897e+11
922.00   1.7895e+11
923.00   1.7894e+11