73.00   1.6394e+11
74.00   1.6393e+11
75.00   1.6393e+11
76.00   1.6393e+11
77.00   1.6393e+11
78.00   1.6393e+11
79.00   1.6392e+11
80.00   1.6392e+11
81.00   1.6392e+11
82.00   1.6392e+11
83.00   1.6391e+11
84.00   1.6391e+11
85.00   1.6391e+11
86.00   1.6391e+11
87.00   1.6390e+11
88.00   1.6390e+11
89.00   1.6390e+11
90.00   1.6390e+11
91.00   1.6389e+11
92.00   1.6389e+11
93.00   1.6389e+11
94.00   1.6389e+11
95.00   1.6388e+11
96.00   1.6388e+11
97.00   1.6388e+11
98.00   1.6387e+11
99.00   1.6387e+11
100.00   1.6387e+11
101.00   1.6387e+11
102.00   1.6386e+11
103.00   1.6386e+11
104.00   1.6386e+11
105.00   1.6385e+11
106.00   1.6385e+11
107.00   1.6385e+11
108.00   1.6384e+11
109.00   1.6384e+11
110.00   1.6384e+11
111.00   1.6383e+11
112.00   1.6383e+11
113.00   1.6383e+11
114.00   1.6382e+11
115.00   1.6382e+11
116.00   1.6382e+11
117.00   1.6381e+11
118.00   1.6381e+11
119.00   1.6381e+11
120.00   1.6380e+11
121.00   1.6380e+11
122.00   1.6380e+11
123.00   1.6379e+11
124.00   1.6379e+11
125.00   1.6379e+11
126.00   1.6378e+11
127.00   1.6378e+11
128.00   1.6378e+11
129.00   1.6377e+11
130.00   1.6377e+11
131.00   1.6376e+11
132.00   1.6376e+11
133.00   1.6376e+11
134.00   1.6375e+11
135.00   1.6375e+11
136.00   1.6374e+11
137.00   1.6374e+11
138.00   1.6374e+11
139.00   1.6373e+11
140.00   1.6373e+11
141.00   1.6372e+11
142.00   1.6372e+11
143.00   1.6372e+11
144.00   1.6371e+11
145.00   1.6371e+11
146.00   1.6370e+11
147.00   1.6370e+11
148.00   1.6369e+11
149.00   1.6369e+11
150.00   1.6369e+11
151.00   1.6368e+11
152.00   1.6368e+11
153.00   1.6367e+11
154.00   1.6367e+11
155.00   1.6366e+11
156.00   1.6366e+11
157.00   1.6365e+11
158.00   1.6365e+11
159.00   1.6365e+11
160.00   1.6364e+11
161.00   1.6364e+11
162.00   1.6363e+11
163.00   1.6363e+11
164.00   1.6362e+11
165.00   1.6362e+11
166.00   1.6361e+11
167.00   1.6361e+11
168.00   1.6360e+11
169.00   1.6360e+11
170.00   1.6359e+11
171.00   1.6359e+11
172.00   1.6358e+11
173.00   1.6358e+11
174.00   1.6357e+11
175.00   1.6357e+11
176.00   1.6356e+11
177.00   1.6356e+11
178.00   1.6355e+11
179.00   1.6355e+11
180.00   1.6354e+11
181.00   1.6354e+11
182.00   1.6353e+11
183.00   1.6353e+11
184.00   1.6352e+11
185.00   1.6352e+11
186.00   1.6351e+11
187.00   1.6351e+11
188.00   1.6350e+11
189.00   1.6349e+11
190.00   1.6349e+11
191.00   1.6348e+11
192.00   1.6348e+11
193.00   1.6347e+11
194.00   1.6347e+11
195.00   1.6346e+11
196.00   1.6346e+11
197.00   1.6345e+11
198.00   1.6345e+11
199.00   1.6344e+11
200.00   1.6343e+11
201.00   1.6343e+11
202.00   1.6342e+11
203.00   1.6342e+11
204.00   1.6341e+11
205.00   1.6340e+11
206.00   1.6340e+11
207.00   1.6339e+11
208.00   1.6339e+11
209.00   1.6338e+11
210.00   1.6338e+11
211.00   1.6337e+11
212.00   1.6336e+11
213.00   1.6336e+11
214.00   1.6335e+11
215.00   1.6335e+11
216.00   1.6334e+11
217.00   1.6333e+11
218.00   1.6333e+11
219.00   1.6332e+11
220.00   1.6331e+11
221.00   1.6331e+11
222.00   1.6330e+11
223.00   1.6330e+11
224.00   1.6329e+11
225.00   1.6328e+11
226.00   1.6328e+11
227.00   1.6327e+11
228.00   1.6326e+11
229.00   1.6326e+11
230.00   1.6325e+11
231.00   1.6324e+11
232.00   1.6324e+11
233.00   1.6323e+11
234.00   1.6322e+11
235.00   1.6322e+11
236.00   1.6321e+11
237.00   1.6321e+11
238.00   1.6320e+11
239.00   1.6319e+11
240.00   1.6319e+11
241.00   1.6318e+11
242.00   1.6317e+11
243.00   1.6316e+11
244.00   1.6316e+11
245.00   1.6315e+11
246.00   1.6314e+11
247.00   1.6314e+11
248.00   1.6313e+11
249.00   1.6312e+11
250.00   1.6312e+11
251.00   1.6311e+11
252.00   1.6310e+11
253.00   1.6310e+11
254.00   1.6309e+11
255.00   1.6308e+11
256.00   1.6307e+11
257.00   1.6307e+11
258.00   1.6306e+11
259.00   1.6305e+11
260.00   1.6305e+11
261.00   1.6304e+11
262.00   1.6303e+11
263.00   1.6302e+11
264.00   1.6302e+11
265.00   1.6301e+11
266.00   1.6300e+11
267.00   1.6299e+11
268.00   1.6299e+11
269.00   1.6298e+11
270.00   1.6297e+11
271.00   1.6297e+11
272.00   1.6296e+11
273.00   1.6295e+11
274.00   1.6294e+11
275.00   1.6294e+11
276.00   1.6293e+11
277.00   1.6292e+11
278.00   1.6291e+11
279.00   1.6290e+11
280.00   1.6290e+11
281.00   1.6289e+11
282.00   1.6288e+11
283.00   1.6287e+11
284.00   1.6287e+11
285.00   1.6286e+11
286.00   1.6285e+11
287.00   1.6284e+11
288.00   1.6283e+11
289.00   1.6283e+11
290.00   1.6282e+11
291.00   1.6281e+11
292.00   1.6280e+11
293.00   1.6280e+11
294.00   1.6279e+11
295.00   1.6278e+11
296.00   1.6277e+11
297.00   1.6276e+11
298.00   1.6276e+11
299.00   1.6275e+11
300.00   1.6274e+11
301.00   1.6273e+11
302.00   1.6272e+11
303.00   1.6271e+11
304.00   1.6271e+11
305.00   1.6270e+11
306.00   1.6269e+11
307.00   1.6268e+11
308.00   1.6267e+11
309.00   1.6267e+11
310.00   1.6266e+11
311.00   1.6265e+11
312.00   1.6264e+11
313.00   1.6263e+11
314.00   1.6262e+11
315.00   1.6261e+11
316.00   1.6261e+11
317.00   1.6260e+11
318.00   1.6259e+11
319.00   1.6258e+11
320.00   1.6257e+11
321.00   1.6256e+11
322.00   1.6256e+11
323.00   1.6255e+11
324.00   1.6254e+11
325.00   1.6253e+11
326.00   1.6252e+11
327.00   1.6251e+11
328.00   1.6250e+11
329.00   1.6249e+11
330.00   1.6249e+11
331.00   1.6248e+11
332.00   1.6247e+11
333.00   1.6246e+11
334.00   1.6245e+11
335.00   1.6244e+11
336.00   1.6243e+11
337.00   1.6242e+11
338.00   1.6241e+11
339.00   1.6241e+11
340.00   1.6240e+11
341.00   1.6239e+11
342.00   1.6238e+11
343.00   1.6237e+11
344.00   1.6236e+11
345.00   1.6235e+11
346.00   1.6234e+11
347.00   1.6233e+11
348.00   1.6232e+11
349.00   1.6231e+11
350.00   1.6231e+11
351.00   1.6230e+11
352.00   1.6229e+11
353.00   1.6228e+11
354.00   1.6227e+11
355.00   1.6226e+11
356.00   1.6225e+11
357.00   1.6224e+11
358.00   1.6223e+11
359.00   1.6222e+11
360.00   1.6221e+11
361.00   1.6220e+11
362.00   1.6219e+11
363.00   1.6218e+11
364.00   1.6218e+11
365.00   1.6217e+11
366.00   1.6216e+11
367.00   1.6215e+11
368.00   1.6214e+11
369.00   1.6213e+11
370.00   1.6212e+11
371.00   1.6211e+11
372.00   1.6210e+11
373.00   1.6209e+11
374.00   1.6208e+11
375.00   1.6207e+11
376.00   1.6206e+11
377.00   1.6205e+11
378.00   1.6204e+11
379.00   1.6203e+11
380.00   1.6202e+11
381.00   1.6201e+11
382.00   1.6200e+11
383.00   1.6199e+11
384.00   1.6198e+11
385.00   1.6197e+11
386.00   1.6196e+11
387.00   1.6195e+11
388.00   1.6194e+11
389.00   1.6193e+11
390.00   1.6192e+11
391.00   1.6191e+11
392.00   1.6190e+11
393.00   1.6189e+11
394.00   1.6188e+11
395.00   1.6187e+11
396.00   1.6186e+11
397.00   1.6185e+11
398.00   1.6184e+11
399.00   1.6183e+11
400.00   1.6182e+11
401.00   1.6181e+11
402.00   1.6180e+11
403.00   1.6179e+11
404.00   1.6178e+11
405.00   1.6177e+11
406.00   1.6176e+11
407.00   1.6175e+11
408.00   1.6174e+11
409.00   1.6173e+11
410.00   1.6172e+11
411.00   1.6171e+11
412.00   1.6170e+11
413.00   1.6169e+11
414.00   1.6168e+11
415.00   1.6167e+11
416.00   1.6166e+11
417.00   1.6165e+11
418.00   1.6164e+11
419.00   1.6162e+11
420.00   1.6161e+11
421.00   1.6160e+11
422.00   1.6159e+11
423.00   1.6158e+11
424.00   1.6157e+11
425.00   1.6156e+11
426.00   1.6155e+11
427.00   1.6154e+11
428.00   1.6153e+11
429.00   1.6152e+11
430.00   1.6151e+11
431.00   1.6150e+11
432.00   1.6149e+11
433.00   1.6148e+11
434.00   1.6146e+11
435.00   1.6145e+11
436.00   1.6144e+11
437.00   1.6143e+11
438.00   1.6142e+11
439.00   1.6141e+11
440.00   1.6140e+11
441.00   1.6139e+11
442.00   1.6138e+11
443.00   1.6137e+11
444.00   1.6136e+11
445.00   1.6135e+11
446.00   1.6133e+11
447.00   1.6132e+11
448.00   1.6131e+11
449.00   1.6130e+11
450.00   1.6129e+11
451.00   1.6128e+11
452.00   1.6127e+11
453.00   1.6126e+11
454.00   1.6125e+11
455.00   1.6123e+11
456.00   1.6122e+11
457.00   1.6121e+11
458.00   1.6120e+11
459.00   1.6119e+11
460.00   1.6118e+11
461.00   1.6117e+11
462.00   1.6116e+11
463.00   1.6114e+11
464.00   1.6113e+11
465.00   1.6112e+11
466.00   1.6111e+11
467.00   1.6110e+11
468.00   1.6109e+11
469.00   1.6108e+11
470.00   1.6107e+11
471.00   1.6105e+11
472.00   1.6104e+11
473.00   1.6103e+11
474.00   1.6102e+11
475.00   1.6101e+11
476.00   1.6100e+11
477.00   1.6099e+11
478.00   1.6097e+11
479.00   1.6096e+11
480.00   1.6095e+11
481.00   1.6094e+11
482.00   1.6093e+11
483.00   1.6092e+11
484.00   1.6090e+11
485.00   1.6089e+11
486.00   1.6088e+11
487.00   1.6087e+11
488.00   1.6086e+11
489.00   1.6085e+11
490.00   1.6083e+11
491.00   1.6082e+11
492.00   1.6081e+11
493.00   1.6080e+11
494.00   1.6079e+11
495.00   1.6078e+11
496.00   1.6076e+11
497.00   1.6075e+11
498.00   1.6074e+11
499.00   1.6073e+11
500.00   1.6072e+11
501.00   1.6070e+11
502.00   1.6069e+11
503.00   1.6068e+11
504.00   1.6067e+11
505.00   1.6066e+11
506.00   1.6065e+11
507.00   1.6063e+11
508.00   1.6062e+11
509.00   1.6061e+11
510.00   1.6060e+11
511.00   1.6059e+11
512.00   1.6057e+11
513.00   1.6056e+11
514.00   1.6055e+11
515.00   1.6054e+11
516.00   1.6053e+11
517.00   1.6051e+11
518.00   1.6050e+11
519.00   1.6049e+11
520.00   1.6048e+11
521.00   1.6046e+11
522.00   1.6045e+11
523.00   1.6044e+11
524.00   1.6043e+11
525.00   1.6042e+11
526.00   1.6040e+11
527.00   1.6039e+11
528.00   1.6038e+11
529.00   1.6037e+11
530.00   1.6035e+11
531.00   1.6034e+11
532.00   1.6033e+11
533.00   1.6032e+11
534.00   1.6031e+11
535.00   1.6029e+11
536.00   1.6028e+11
537.00   1.6027e+11
538.00   1.6026e+11
539.00   1.6024e+11
540.00   1.6023e+11
541.00   1.6022e+11
542.00   1.6021e+11
543.00   1.6019e+11
544.00   1.6018e+11
545.00   1.6017e+11
546.00   1.6016e+11
547.00   1.6014e+11
548.00   1.6013e+11
549.00   1.6012e+11
550.00   1.6011e+11
551.00   1.6009e+11
552.00   1.6008e+11
553.00   1.6007e+11
554.00   1.6006e+11
555.00   1.6004e+11
556.00   1.6003e+11
557.00   1.6002e+11
558.00   1.6001e+11
559.00   1.5999e+11
560.00   1.5998e+11
561.00   1.5997e+11
562.00   1.5995e+11
563.00   1.5994e+11
564.00   1.5993e+11
565.00   1.5992e+11
566.00   1.5990e+11
567.00   1.5989e+11
568.00   1.5988e+11
569.00   1.5987e+11
570.00   1.5985e+11
571.00   1.5984e+11
572.00   1.5983e+11
573.00   1.5981e+11
574.00   1.5980e+11
575.00   1.5979e+11
576.00   1.5978e+11
577.00   1.5976e+11
578.00   1.5975e+11
579.00   1.5974e+11
580.00   1.5972e+11
581.00   1.5971e+11
582.00   1.5970e+11
583.00   1.5968e+11
584.00   1.5967e+11
585.00   1.5966e+11
586.00   1.5965e+11
587.00   1.5963e+11
588.00   1.5962e+11
589.00   1.5961e+11
590.00   1.5959e+11
591.00   1.5958e+11
592.00   1.5957e+11
593.00   1.5955e+11
594.00   1.5954e+11
595.00   1.5953e+11
596.00   1.5952e+11
597.00   1.5950e+11
598.00   1.5949e+11
599.00   1.5948e+11
600.00   1.5946e+11
601.00   1.5945e+11
602.00   1.5944e+11
603.00   1.5942e+11
604.00   1.5941e+11
605.00   1.5940e+11
606.00   1.5938e+11
607.00   1.5937e+11
608.00   1.5936e+11
609.00   1.5934e+11
610.00   1.5933e+11
611.00   1.5932e+11
612.00   1.5930e+11
613.00   1.5929e+11
614.00   1.5928e+11
615.00   1.5926e+11
616.00   1.5925e+11
617.00   1.5924e+11
618.00   1.5922e+11
619.00   1.5921e+11
620.00   1.5920e+11
621.00   1.5918e+11
622.00   1.5917e+11
623.00   1.5916e+11
624.00   1.5914e+11
625.00   1.5913e+11
626.00   1.5912e+11
627.00   1.5910e+11
628.00   1.5909e+11
629.00   1.5908e+11
630.00   1.5906e+11
631.00   1.5905e+11
632.00   1.5904e+11
633.00   1.5902e+11
634.00   1.5901e+11
635.00   1.5899e+11
636.00   1.5898e+11
637.00   1.5897e+11
638.00   1.5895e+11
639.00   1.5894e+11
640.00   1.5893e+11
641.00   1.5891e+11
642.00   1.5890e+11
643.00   1.5889e+11
644.00   1.5887e+11
645.00   1.5886e+11
646.00   1.5885e+11
647.00   1.5883e+11
648.00   1.5882e+11
649.00   1.5880e+11
650.00   1.5879e+11
651.00   1.5878e+11
652.00   1.5876e+11
653.00   1.5875e+11
654.00   1.5874e+11
655.00   1.5872e+11
656.00   1.5871e+11
657.00   1.5869e+11
658.00   1.5868e+11
659.00   1.5867e+11
660.00   1.5865e+11
661.00   1.5864e+11
662.00   1.5863e+11
663.00   1.5861e+11
664.00   1.5860e+11
665.00   1.5858e+11
666.00   1.5857e+11
667.00   1.5856e+11
668.00   1.5854e+11
669.00   1.5853e+11
670.00   1.5851e+11
671.00   1.5850e+11
672.00   1.5849e+11
673.00   1.5847e+11
674.00   1.5846e+11
675.00   1.5845e+11
676.00   1.5843e+11
677.00   1.5842e+11
678.00   1.5840e+11
679.00   1.5839e+11
680.00   1.5838e+11
681.00   1.5836e+11
682.00   1.5835e+11
683.00   1.5833e+11
684.00   1.5832e+11
685.00   1.5831e+11
686.00   1.5829e+11
687.00   1.5828e+11
688.00   1.5826e+11
689.00   1.5825e+11
690.00   1.5824e+11
691.00   1.5822e+11
692.00   1.5821e+11
693.00   1.5819e+11
694.00   1.5818e+11
695.00   1.5817e+11
696.00   1.5815e+11
697.00   1.5814e+11
698.00   1.5812e+11
699.00   1.5811e+11
700.00   1.5809e+11
701.00   1.5808e+11
702.00   1.5807e+11
703.00   1.5805e+11
704.00   1.5804e+11
705.00   1.5802e+11
706.00   1.5801e+11
707.00   1.5800e+11
708.00   1.5798e+11
709.00   1.5797e+11
710.00   1.5795e+11
711.00   1.5794e+11
712.00   1.5792e+11
713.00   1.5791e+11
714.00   1.5790e+11
715.00   1.5788e+11
716.00   1.5787e+11
717.00   1.5785e+11
718.00   1.5784e+11
719.00   1.5782e+11
720.00   1.5781e+11
721.00   1.5780e+11
722.00   1.5778e+11
723.00   1.5777e+11
724.00   1.5775e+11
725.00   1.5774e+11
726.00   1.5772e+11
727.00   1.5771e+11
728.00   1.5770e+11
729.00   1.5768e+11
730.00   1.5767e+11
731.00   1.5765e+11
732.00   1.5764e+11
733.00   1.5762e+11
734.00   1.5761e+11
735.00   1.5760e+11
736.00   1.5758e+11
737.00   1.5757e+11
738.00   1.5755e+11
739.00   1.5754e+11
740.00   1.5752e+11
741.00   1.5751e+11
742.00   1.5750e+11
743.00   1.5748e+11
744.00   1.5747e+11
745.00   1.5745e+11
746.00   1.5744e+11
747.00   1.5742e+11
748.00   1.5741e+11
749.00   1.5739e+11
750.00   1.5738e+11
751.00   1.5737e+11
752.00   1.5735e+11
753.00   1.5734e+11
754.00   1.5732e+11
755.00   1.5731e+11
756.00   1.5729e+11
757.00   1.5728e+11
758.00   1.5726e+11
759.00   1.5725e+11
760.00   1.5723e+11
761.00   1.5722e+11
762.00   1.5721e+11
763.00   1.5719e+11
764.00   1.5718e+11
765.00   1.5716e+11
766.00   1.5715e+11
767.00   1.5713e+11
768.00   1.5712e+11
769.00   1.5710e+11
770.00   1.5709e+11
771.00   1.5707e+11
772.00   1.5706e+11
773.00   1.5705e+11
774.00   1.5703e+11
775.00   1.5702e+11
776.00   1.5700e+11
777.00   1.5699e+11
778.00   1.5697e+11
779.00   1.5696e+11
780.00   1.5694e+11
781.00   1.5693e+11
782.00   1.5691e+11
783.00   1.5690e+11
784.00   1.5688e+11
785.00   1.5687e+11
786.00   1.5686e+11
787.00   1.5684e+11
788.00   1.5683e+11
789.00   1.5681e+11
790.00   1.5680e+11
791.00   1.5678e+11
792.00   1.5677e+11
793.00   1.5675e+11
794.00   1.5674e+11
795.00   1.5672e+11
796.00   1.5671e+11
797.00   1.5669e+11
798.00   1.5668e+11
799.00   1.5666e+11
800.00   1.5665e+11
801.00   1.5664e+11
802.00   1.5662e+11
803.00   1.5661e+11
804.00   1.5659e+11
805.00   1.5658e+11
806.00   1.5656e+11
807.00   1.5655e+11
808.00   1.5653e+11
809.00   1.5652e+11
810.00   1.5650e+11
811.00   1.5649e+11
812.00   1.5647e+11
813.00   1.5646e+11
814.00   1.5644e+11
815.00   1.5643e+11
816.00   1.5641e+11
817.00   1.5640e+11
818.00   1.5638e+11
819.00   1.5637e+11
820.00   1.5636e+11
821.00   1.5634e+11
822.00   1.5633e+11
823.00   1.5631e+11
824.00   1.5630e+11
825.00   1.5628e+11
826.00   1.5627e+11
827.00   1.5625e+11
828.00   1.5624e+11
829.00   1.5622e+11
830.00   1.5621e+11
831.00   1.5619e+11
832.00   1.5618e+11
833.00   1.5616e+11
834.00   1.5615e+11
835.00   1.5613e+11
836.00   1.5612e+11
837.00   1.5610e+11
838.00   1.5609e+11
839.00   1.5607e+11
840.00   1.5606e+11
841.00   1.5604e+11
842.00   1.5603e+11
843.00   1.5601e+11
844.00   1.5600e+11
845.00   1.5598e+11
846.00   1.5597e+11
847.00   1.5595e+11
848.00   1.5594e+11
849.00   1.5593e+11
850.00   1.5591e+11
851.00   1.5590e+11
852.00   1.5588e+11
853.00   1.5587e+11
854.00   1.5585e+11
855.00   1.5584e+11
856.00   1.5582e+11
857.00   1.5581e+11
858.00   1.5579e+11
859.00   1.5578e+11
860.00   1.5576e+11
861.00   1.5575e+11
862.00   1.5573e+11
863.00   1.5572e+11
864.00   1.5570e+11
865.00   1.5569e+11
866.00   1.5567e+11
867.00   1.5566e+11
868.00   1.5564e+11
869.00   1.5563e+11
870.00   1.5561e+11
871.00   1.5560e+11
872.00   1.5558e+11
873.00   1.5557e+11
874.00   1.5555e+11
875.00   1.5554e+11
876.00   1.5552e+11
877.00   1.5551e+11
878.00   1.5549e+11
879.00   1.5548e+11
880.00   1.5546e+11
881.00   1.5545e+11
882.00   1.5543e+11
883.00   1.5542e+11
884.00   1.5540e+11
885.00   1.5539e+11
886.00   1.5537e+11
887.00   1.5536e+11
888.00   1.5534e+11
889.00   1.5533e+11
890.00   1.5531e+11
891.00   1.5530e+11
892.00   1.5528e+11
893.00   1.5527e+11
894.00   1.5525e+11
895.00   1.5524e+11
896.00   1.5522e+11
897.00   1.5521e+11
898.00   1.5519e+11
899.00   1.5518e+11
900.00   1.5517e+11
901.00   1.5515e+11
902.00   1.5514e+11
903.00   1.5512e+11
904.00   1.5511e+11
905.00   1.5509e+11
906.00   1.5508e+11
907.00   1.5506e+11
908.00   1.5505e+11
909.00   1.5503e+11
910.00   1.5502e+11
911.00   1.5500e+11
912.00   1.5499e+11
913.00   1.5497e+11
914.00   1.5496e+11
915.00   1.5494e+11
916.00   1.5493e+11
917.00   1.5491e+11
918.00   1.5490e+11
919.00   1.5488e+11
920.00   1.5487e+11
921.00   1.5485e+11
922.00   1.5484e+11
923.00   1.5482e+11