   2.3440000e+00   2.3346720e-02   5.5800000e-06
   5.0170000e+00   3.5448522e-01   8.4724000e-05
   7.2930000e+00   1.4329782e+00   3.4249000e-04
   1.0000000e+01   6.2760000e+00   1.5000000e-03
   2.0000000e+01   2.5104000e+01   6.0000000e-03
   3.0000000e+01   5.4392000e+01   1.3000000e-02
   4.0000000e+01   8.5772000e+01   2.0500000e-02
   5.0000000e+01   1.1380480e+02   2.7200000e-02
   6.1960000e+01   1.4045688e+02   3.3570000e-02
   6.4000000e+01   1.6007984e+02   3.8260000e-02
   7.4650000e+01   1.8146008e+02   4.3370000e-02
   8.1430000e+01   2.0430472e+02   4.8830000e-02
   8.8580000e+01   2.2798616e+02   5.4490000e-02
   9.6260000e+01   2.5275544e+02   6.0410000e-02
   1.0408000e+02   2.7806864e+02   6.6460000e-02
   1.1031000e+02   2.9790080e+02   7.1200000e-02
   1.1838000e+02   3.2267008e+02   7.7120000e-02
   1.2667000e+02   3.4923848e+02   8.3470000e-02
   1.3513000e+02   3.7492824e+02   8.9610000e-02
   1.4393000e+02   4.0082720e+02   9.5800000e-02
   1.5322000e+02   4.2718640e+02   1.0210000e-01
   1.6309000e+02   4.5396400e+02   1.0850000e-01
   1.7312000e+02   4.8074160e+02   1.1490000e-01
   1.8274000e+02   5.0500880e+02   1.2070000e-01
   1.9211000e+02   5.2760240e+02   1.2610000e-01
   2.2645000e+02   6.0584320e+02   1.4480000e-01
   2.3664000e+02   6.2718160e+02   1.4990000e-01
   2.4669000e+02   6.8241040e+02   1.6310000e-01
   2.5662000e+02   6.6860320e+02   1.5980000e-01
   2.6649000e+02   6.8659440e+02   1.6410000e-01
   2.7639000e+02   7.0458560e+02   1.6840000e-01
   2.8266000e+02   7.1630080e+02   1.7120000e-01
   2.9221000e+02   7.3345520e+02   1.7530000e-01
   3.0213000e+02   7.5060960e+02   1.7940000e-01
   3.1234000e+02   7.6734560e+02   1.8340000e-01
   3.2228000e+02   7.8240800e+02   1.8700000e-01
   3.3278000e+02   7.9998080e+02   1.9120000e-01
   3.4345000e+02   8.1671680e+02   1.9520000e-01
