   0.0000000e+00   0.0000000e+00
   1.0000000e+00   2.4000000e-02
   2.0000000e+00   5.4000000e-02
   3.0000000e+00   8.0000000e-02
   5.0000000e+00   1.1800000e-01
   6.0000000e+00   1.2400000e-01
   8.0000000e+00   1.2600000e-01
   1.0000000e+01   1.2700000e-01
   1.5000000e+01   1.3600000e-01
   2.0000000e+01   1.5300000e-01
   3.0000000e+01   2.0200000e-01
   4.0000000e+01   2.6600000e-01
   5.0000000e+01   3.4000000e-01
   6.0000000e+01   4.1000000e-01
   7.0000000e+01   4.8000000e-01
   8.0000000e+01   5.5000000e-01
   9.0000000e+01   6.2000000e-01
   1.0000000e+02   6.9000000e-01
   1.2500000e+02   8.3000000e-01
   1.5000000e+02   9.5000000e-01
   1.7500000e+02   1.0500000e+00
   2.0000000e+02   1.1400000e+00
   2.5000000e+02   1.2800000e+00
   2.7320000e+02   1.3300000e+00
   3.0000000e+02   1.3800000e+00
   3.5000000e+02   1.4500000e+00
