   4.0000000e+00  -2.0000000e-08
   6.0000000e+00  -6.8000000e-08
   8.0000000e+00  -1.4300000e-07
   1.0000000e+01  -4.0900000e-07
   2.0000000e+01  -7.4700000e-07
   3.0000000e+01  -8.5400000e-07
   4.0000000e+01  -8.6700000e-07
   5.0000000e+01  -8.4600000e-07
   6.0000000e+01  -8.2900000e-07
   7.0000000e+01  -8.0100000e-07
   8.0000000e+01  -7.6700000e-07
   9.0000000e+01  -7.2700000e-07
   1.0000000e+02  -6.7900000e-07
   1.1000000e+02  -6.2100000e-07 
   1.2000000e+02  -5.5600000e-07
   1.3000000e+02  -4.8500000e-07
   1.4000000e+02  -4.1200000e-07
   1.7300000e+02   1.9000000e-07
   1.8300000e+02   2.1000000e-07
   1.9300000e+02   2.3000000e-07
   2.0300000e+02   2.5000000e-07
   2.1300000e+02   2.7000000e-07
   2.2300000e+02   2.8000000e-07
   2.3300000e+02   3.0000000e-07
   2.4300000e+02   3.3000000e-07
   2.5300000e+02   3.4000000e-07
   2.6300000e+02   3.6000000e-07
   2.7300000e+02   3.8000000e-07
   2.8300000e+02   4.0000000e-07
   2.9300000e+02   4.2000000e-07
   3.0300000e+02   4.4000000e-07
   3.1300000e+02   4.6000000e-07
   3.2300000e+02   4.8000000e-07
   3.3300000e+02   4.9000000e-07
   3.4300000e+02   4.9000000e-07 
   3.5300000e+02   5.4000000e-07
